Unnamed: 0,background,leftsniffing,rightsniffing
35294,1,0,0
35295,1,0,0
35296,1,0,0
35297,1,0,0
35298,1,0,0
35299,1,0,0
35300,1,0,0
35301,1,0,0
35302,1,0,0
35303,1,0,0
35304,1,0,0
35305,1,0,0
35306,1,0,0
35307,1,0,0
35308,1,0,0
35309,1,0,0
35310,1,0,0
35311,1,0,0
35312,1,0,0
35313,1,0,0
35314,1,0,0
35315,1,0,0
35316,1,0,0
35317,1,0,0
35318,1,0,0
35319,1,0,0
35320,1,0,0
35321,1,0,0
35322,1,0,0
35323,1,0,0
35324,1,0,0
35325,1,0,0
35326,1,0,0
35327,1,0,0
35328,1,0,0
35329,1,0,0
35330,1,0,0
35331,1,0,0
35332,1,0,0
35333,1,0,0
35334,1,0,0
35335,1,0,0
35336,1,0,0
35337,1,0,0
35338,1,0,0
35339,1,0,0
35340,1,0,0
35341,1,0,0
35342,1,0,0
35343,1,0,0
35344,1,0,0
35345,1,0,0
35346,1,0,0
35347,1,0,0
35348,1,0,0
35349,1,0,0
35350,1,0,0
35351,1,0,0
35352,1,0,0
35353,1,0,0
35354,1,0,0
35355,1,0,0
35356,1,0,0
35357,1,0,0
35358,1,0,0
35359,1,0,0
35360,1,0,0
35361,1,0,0
35362,1,0,0
35363,1,0,0
35364,1,0,0
35365,1,0,0
35366,1,0,0
35367,1,0,0
35368,1,0,0
35369,1,0,0
35370,1,0,0
35371,1,0,0
35372,1,0,0
35373,1,0,0
35374,1,0,0
35375,1,0,0
35376,1,0,0
35377,1,0,0
35378,1,0,0
35379,1,0,0
35380,1,0,0
35381,1,0,0
35382,1,0,0
35383,1,0,0
35384,1,0,0
35385,1,0,0
35386,1,0,0
35387,1,0,0
35388,1,0,0
35389,1,0,0
35390,1,0,0
35391,1,0,0
35392,1,0,0
35393,1,0,0
35394,1,0,0
35395,1,0,0
35396,1,0,0
35397,1,0,0
35398,1,0,0
35399,1,0,0
35400,1,0,0
35401,1,0,0
35402,1,0,0
35403,1,0,0
35404,1,0,0
35405,1,0,0
35406,1,0,0
35407,1,0,0
35408,1,0,0
35409,1,0,0
35410,1,0,0
35411,1,0,0
35412,1,0,0
35413,1,0,0
35414,1,0,0
35415,1,0,0
35416,1,0,0
35417,1,0,0
35418,1,0,0
35419,1,0,0
35420,1,0,0
35421,1,0,0
35422,1,0,0
35423,1,0,0
35424,1,0,0
35425,1,0,0
35426,1,0,0
35427,1,0,0
35428,1,0,0
35429,1,0,0
35430,1,0,0
35431,1,0,0
35432,1,0,0
35433,1,0,0
35434,1,0,0
35435,1,0,0
35436,1,0,0
35437,1,0,0
35438,1,0,0
35439,1,0,0
35440,1,0,0
35441,1,0,0
35442,1,0,0
35443,1,0,0
35444,1,0,0
35445,1,0,0
35446,1,0,0
35447,1,0,0
35448,1,0,0
35449,1,0,0
35450,1,0,0
35451,1,0,0
35452,1,0,0
35453,1,0,0
35454,1,0,0
35455,1,0,0
35456,1,0,0
35457,1,0,0
35458,1,0,0
35459,1,0,0
35460,1,0,0
35461,1,0,0
35462,1,0,0
35463,1,0,0
35464,1,0,0
35465,1,0,0
35466,1,0,0
35467,1,0,0
35468,1,0,0
35469,1,0,0
35470,1,0,0
35471,1,0,0
35472,1,0,0
35473,1,0,0
35474,1,0,0
35475,1,0,0
35476,1,0,0
35477,1,0,0
35478,1,0,0
35479,1,0,0
35480,1,0,0
35481,1,0,0
35482,1,0,0
35483,1,0,0
35484,1,0,0
35485,1,0,0
35486,1,0,0
35487,1,0,0
35488,1,0,0
35489,1,0,0
35490,1,0,0
35491,1,0,0
35492,1,0,0
35493,1,0,0
35494,1,0,0
35495,1,0,0
35496,1,0,0
35497,1,0,0
35498,1,0,0
35499,1,0,0
35500,1,0,0
35501,1,0,0
35502,1,0,0
35503,1,0,0
35504,1,0,0
35505,1,0,0
35506,1,0,0
35507,1,0,0
35508,1,0,0
35509,1,0,0
35510,1,0,0
35511,1,0,0
35512,1,0,0
35513,1,0,0
35514,1,0,0
35515,1,0,0
35516,1,0,0
35517,1,0,0
35518,1,0,0
35519,1,0,0
35520,1,0,0
35521,1,0,0
35522,1,0,0
35523,1,0,0
35524,1,0,0
35525,1,0,0
35526,1,0,0
35527,1,0,0
35528,1,0,0
35529,1,0,0
35530,1,0,0
35531,1,0,0
35532,1,0,0
35533,1,0,0
35534,1,0,0
35535,1,0,0
35536,1,0,0
35537,1,0,0
35538,1,0,0
35539,1,0,0
35540,1,0,0
35541,1,0,0
35542,1,0,0
35543,1,0,0
35544,1,0,0
35545,1,0,0
35546,1,0,0
35547,1,0,0
35548,1,0,0
35549,1,0,0
35550,1,0,0
35551,1,0,0
35552,1,0,0
35553,1,0,0
35554,1,0,0
35555,1,0,0
35556,1,0,0
35557,1,0,0
35558,1,0,0
35559,1,0,0
35560,1,0,0
35561,1,0,0
35562,1,0,0
35563,1,0,0
35564,1,0,0
35565,1,0,0
35566,1,0,0
35567,1,0,0
35568,1,0,0
35569,1,0,0
35570,1,0,0
35571,1,0,0
35572,1,0,0
35573,1,0,0
35574,1,0,0
35575,1,0,0
35576,1,0,0
35577,1,0,0
35578,1,0,0
35579,1,0,0
35580,1,0,0
35581,1,0,0
35582,1,0,0
35583,1,0,0
35584,1,0,0
35585,1,0,0
35586,1,0,0
35587,1,0,0
35588,1,0,0
35589,1,0,0
35590,1,0,0
35591,1,0,0
35592,1,0,0
35593,1,0,0
35594,1,0,0
35595,1,0,0
35596,1,0,0
35597,1,0,0
35598,1,0,0
35599,1,0,0
35600,1,0,0
35601,1,0,0
35602,1,0,0
35603,1,0,0
35604,1,0,0
35605,1,0,0
35606,1,0,0
35607,1,0,0
35608,1,0,0
35609,1,0,0
35610,1,0,0
35611,1,0,0
35612,1,0,0
35613,1,0,0
35614,1,0,0
35615,1,0,0
35616,1,0,0
35617,1,0,0
35618,1,0,0
35619,1,0,0
35620,1,0,0
35621,1,0,0
35622,1,0,0
35623,1,0,0
35624,1,0,0
35625,1,0,0
35626,1,0,0
35627,1,0,0
35628,1,0,0
35629,1,0,0
35630,1,0,0
35631,1,0,0
35632,1,0,0
35633,1,0,0
35634,1,0,0
35635,1,0,0
35636,1,0,0
35637,1,0,0
35638,1,0,0
35639,1,0,0
35640,1,0,0
35641,1,0,0
35642,1,0,0
35643,1,0,0
35644,1,0,0
35645,1,0,0
35646,1,0,0
35647,1,0,0
35648,1,0,0
35649,1,0,0
35650,1,0,0
35651,1,0,0
35652,1,0,0
35653,1,0,0
35654,1,0,0
35655,1,0,0
35656,1,0,0
35657,1,0,0
35658,1,0,0
35659,1,0,0
35660,1,0,0
35661,1,0,0
35662,1,0,0
35663,1,0,0
35664,1,0,0
35665,1,0,0
35666,1,0,0
35667,1,0,0
35668,1,0,0
35669,1,0,0
35670,1,0,0
35671,1,0,0
35672,1,0,0
35673,1,0,0
35674,1,0,0
35675,1,0,0
35676,1,0,0
35677,1,0,0
35678,1,0,0
35679,1,0,0
35680,1,0,0
35681,1,0,0
35682,1,0,0
35683,1,0,0
35684,1,0,0
35685,1,0,0
35686,1,0,0
35687,1,0,0
35688,1,0,0
35689,1,0,0
35690,1,0,0
35691,1,0,0
35692,1,0,0
35693,1,0,0
35694,1,0,0
35695,1,0,0
35696,1,0,0
35697,1,0,0
35698,1,0,0
35699,1,0,0
35700,1,0,0
35701,1,0,0
35702,1,0,0
35703,1,0,0
35704,1,0,0
35705,1,0,0
35706,1,0,0
35707,1,0,0
35708,1,0,0
35709,1,0,0
35710,1,0,0
35711,1,0,0
35712,1,0,0
35713,1,0,0
35714,1,0,0
35715,1,0,0
35716,1,0,0
35717,1,0,0
35718,1,0,0
35719,1,0,0
35720,1,0,0
35721,1,0,0
35722,1,0,0
35723,1,0,0
35724,1,0,0
35725,1,0,0
35726,1,0,0
35727,1,0,0
35728,1,0,0
35729,1,0,0
35730,1,0,0
35731,1,0,0
35732,1,0,0
35733,1,0,0
35734,1,0,0
35735,1,0,0
35736,1,0,0
35737,1,0,0
35738,1,0,0
35739,1,0,0
35740,1,0,0
35741,1,0,0
35742,1,0,0
35743,1,0,0
35744,1,0,0
35745,1,0,0
35746,1,0,0
35747,1,0,0
35748,1,0,0
35749,1,0,0
35750,1,0,0
35751,1,0,0
35752,1,0,0
35753,1,0,0
35754,1,0,0
35755,1,0,0
35756,1,0,0
35757,1,0,0
35758,1,0,0
35759,1,0,0
35760,1,0,0
35761,1,0,0
35762,1,0,0
35763,1,0,0
35764,1,0,0
35765,1,0,0
35766,1,0,0
35767,1,0,0
35768,1,0,0
35769,1,0,0
35770,1,0,0
35771,1,0,0
35772,1,0,0
35773,1,0,0
35774,1,0,0
35775,1,0,0
35776,1,0,0
35777,1,0,0
35778,1,0,0
35779,1,0,0
35780,1,0,0
35781,1,0,0
35782,1,0,0
35783,1,0,0
35784,1,0,0
35785,1,0,0
35786,1,0,0
35787,1,0,0
35788,1,0,0
35789,1,0,0
35790,1,0,0
35791,1,0,0
35792,1,0,0
35793,1,0,0
35794,1,0,0
35795,1,0,0
35796,1,0,0
35797,1,0,0
35798,1,0,0
35799,1,0,0
35800,1,0,0
35801,1,0,0
35802,1,0,0
35803,1,0,0
35804,1,0,0
35805,1,0,0
35806,1,0,0
35807,1,0,0
35808,1,0,0
35809,1,0,0
35810,1,0,0
35811,1,0,0
35812,1,0,0
35813,1,0,0
35814,1,0,0
35815,1,0,0
35816,1,0,0
35817,1,0,0
35818,1,0,0
35819,1,0,0
35820,1,0,0
35821,1,0,0
35822,1,0,0
35823,1,0,0
35824,1,0,0
35825,1,0,0
35826,1,0,0
35827,1,0,0
35828,1,0,0
35829,1,0,0
35830,1,0,0
35831,1,0,0
35832,1,0,0
35833,1,0,0
35834,1,0,0
35835,1,0,0
35836,1,0,0
35837,1,0,0
35838,1,0,0
35839,1,0,0
35840,1,0,0
35841,1,0,0
35842,1,0,0
35843,1,0,0
35844,1,0,0
35845,1,0,0
35846,1,0,0
35847,1,0,0
35848,1,0,0
35849,1,0,0
35850,1,0,0
35851,1,0,0
35852,1,0,0
35853,1,0,0
35854,1,0,0
35855,1,0,0
35856,1,0,0
35857,1,0,0
35858,1,0,0
35859,1,0,0
35860,1,0,0
35861,1,0,0
35862,1,0,0
35863,1,0,0
35864,1,0,0
35865,1,0,0
35866,1,0,0
35867,1,0,0
35868,1,0,0
35869,1,0,0
35870,1,0,0
35871,1,0,0
35872,1,0,0
35873,1,0,0
35874,1,0,0
35875,1,0,0
35876,1,0,0
35877,1,0,0
35878,1,0,0
35879,1,0,0
35880,1,0,0
35881,1,0,0
35882,1,0,0
35883,1,0,0
35884,1,0,0
35885,1,0,0
35886,1,0,0
35887,1,0,0
35888,1,0,0
35889,1,0,0
35890,1,0,0
35891,1,0,0
35892,1,0,0
35893,1,0,0
35894,1,0,0
35895,1,0,0
35896,1,0,0
35897,1,0,0
35898,1,0,0
35899,1,0,0
35900,1,0,0
35901,1,0,0
35902,1,0,0
35903,1,0,0
35904,1,0,0
35905,1,0,0
35906,1,0,0
35907,1,0,0
35908,1,0,0
35909,1,0,0
35910,1,0,0
35911,1,0,0
35912,1,0,0
35913,1,0,0
35914,1,0,0
35915,1,0,0
35916,1,0,0
35917,1,0,0
35918,1,0,0
35919,1,0,0
35920,1,0,0
35921,1,0,0
35922,1,0,0
35923,1,0,0
35924,1,0,0
35925,1,0,0
35926,1,0,0
35927,1,0,0
35928,1,0,0
35929,1,0,0
35930,1,0,0
35931,1,0,0
35932,1,0,0
35933,1,0,0
35934,1,0,0
35935,1,0,0
35936,1,0,0
35937,1,0,0
35938,1,0,0
35939,1,0,0
35940,1,0,0
35941,1,0,0
35942,1,0,0
35943,1,0,0
35944,1,0,0
35945,1,0,0
35946,1,0,0
35947,1,0,0
35948,1,0,0
35949,1,0,0
35950,1,0,0
35951,1,0,0
35952,1,0,0
35953,1,0,0
35954,1,0,0
35955,1,0,0
35956,1,0,0
35957,1,0,0
35958,1,0,0
35959,1,0,0
35960,1,0,0
35961,1,0,0
35962,1,0,0
35963,1,0,0
35964,1,0,0
35965,1,0,0
35966,1,0,0
35967,1,0,0
35968,1,0,0
35969,1,0,0
35970,1,0,0
35971,1,0,0
35972,1,0,0
35973,1,0,0
35974,1,0,0
35975,1,0,0
35976,1,0,0
35977,1,0,0
35978,1,0,0
35979,1,0,0
35980,1,0,0
35981,1,0,0
35982,1,0,0
35983,1,0,0
35984,1,0,0
35985,1,0,0
35986,1,0,0
35987,1,0,0
35988,1,0,0
35989,1,0,0
35990,1,0,0
35991,1,0,0
35992,1,0,0
35993,1,0,0
35994,1,0,0
35995,1,0,0
35996,1,0,0
35997,1,0,0
35998,1,0,0
35999,1,0,0
36000,1,0,0
36001,1,0,0
36002,1,0,0
36003,1,0,0
36004,1,0,0
36005,1,0,0
36006,1,0,0
36007,1,0,0
36008,1,0,0
36009,1,0,0
36010,1,0,0
36011,1,0,0
36012,1,0,0
36013,1,0,0
36014,1,0,0
36015,1,0,0
36016,1,0,0
36017,1,0,0
36018,1,0,0
36019,1,0,0
36020,1,0,0
36021,1,0,0
36022,1,0,0
36023,1,0,0
36024,1,0,0
36025,1,0,0
36026,1,0,0
36027,1,0,0
36028,1,0,0
36029,1,0,0
36030,1,0,0
36031,1,0,0
36032,1,0,0
36033,1,0,0
36034,1,0,0
36035,1,0,0
36036,1,0,0
36037,1,0,0
36038,1,0,0
36039,1,0,0
36040,1,0,0
36041,1,0,0
36042,1,0,0
36043,1,0,0
36044,1,0,0
36045,1,0,0
36046,1,0,0
36047,1,0,0
36048,1,0,0
36049,1,0,0
36050,1,0,0
36051,1,0,0
36052,1,0,0
36053,1,0,0
36054,1,0,0
36055,1,0,0
36056,1,0,0
36057,1,0,0
36058,1,0,0
36059,1,0,0
36060,1,0,0
36061,1,0,0
36062,1,0,0
36063,1,0,0
36064,1,0,0
36065,1,0,0
36066,1,0,0
36067,1,0,0
36068,1,0,0
36069,1,0,0
36070,1,0,0
36071,1,0,0
36072,1,0,0
36073,1,0,0
36074,1,0,0
36075,1,0,0
36076,1,0,0
36077,1,0,0
36078,1,0,0
36079,1,0,0
36080,1,0,0
36081,1,0,0
36082,1,0,0
36083,1,0,0
36084,1,0,0
36085,1,0,0
36086,1,0,0
36087,1,0,0
36088,1,0,0
36089,1,0,0
36090,1,0,0
36091,1,0,0
36092,1,0,0
36093,1,0,0
36094,1,0,0
36095,1,0,0
36096,1,0,0
36097,1,0,0
36098,1,0,0
36099,1,0,0
36100,1,0,0
36101,1,0,0
36102,1,0,0
36103,1,0,0
36104,1,0,0
36105,1,0,0
36106,1,0,0
36107,1,0,0
36108,1,0,0
36109,1,0,0
36110,1,0,0
36111,1,0,0
36112,1,0,0
36113,1,0,0
36114,1,0,0
36115,1,0,0
36116,1,0,0
36117,1,0,0
36118,1,0,0
36119,1,0,0
36120,1,0,0
36121,1,0,0
36122,1,0,0
36123,1,0,0
36124,1,0,0
36125,1,0,0
36126,1,0,0
36127,1,0,0
36128,1,0,0
36129,1,0,0
36130,1,0,0
36131,1,0,0
36132,1,0,0
36133,1,0,0
36134,1,0,0
36135,1,0,0
36136,1,0,0
36137,1,0,0
36138,1,0,0
36139,1,0,0
36140,1,0,0
36141,1,0,0
36142,1,0,0
36143,1,0,0
36144,1,0,0
36145,1,0,0
36146,1,0,0
36147,1,0,0
36148,1,0,0
36149,1,0,0
36150,1,0,0
36151,1,0,0
36152,1,0,0
36153,1,0,0
36154,1,0,0
36155,1,0,0
36156,1,0,0
36157,1,0,0
36158,1,0,0
36159,1,0,0
36160,1,0,0
36161,1,0,0
36162,1,0,0
36163,1,0,0
36164,1,0,0
36165,1,0,0
36166,1,0,0
36167,1,0,0
36168,1,0,0
36169,1,0,0
36170,1,0,0
36171,1,0,0
36172,1,0,0
36173,1,0,0
36174,1,0,0
36175,1,0,0
36176,1,0,0
36177,1,0,0
36178,1,0,0
36179,1,0,0
36180,1,0,0
36181,1,0,0
36182,1,0,0
36183,1,0,0
36184,1,0,0
36185,1,0,0
36186,1,0,0
36187,1,0,0
36188,1,0,0
36189,1,0,0
36190,1,0,0
36191,1,0,0
36192,1,0,0
36193,1,0,0
36194,1,0,0
36195,1,0,0
36196,1,0,0
36197,1,0,0
36198,1,0,0
36199,1,0,0
36200,1,0,0
36201,1,0,0
36202,1,0,0
36203,1,0,0
36204,1,0,0
36205,1,0,0
36206,1,0,0
36207,1,0,0
36208,1,0,0
36209,1,0,0
36210,1,0,0
36211,1,0,0
36212,1,0,0
36213,1,0,0
36214,1,0,0
36215,1,0,0
36216,1,0,0
36217,1,0,0
36218,1,0,0
36219,1,0,0
36220,1,0,0
36221,1,0,0
36222,1,0,0
36223,1,0,0
36224,1,0,0
36225,1,0,0
36226,1,0,0
36227,1,0,0
36228,1,0,0
36229,1,0,0
36230,1,0,0
36231,1,0,0
36232,1,0,0
36233,1,0,0
36234,1,0,0
36235,1,0,0
36236,1,0,0
36237,1,0,0
36238,1,0,0
36239,1,0,0
36240,1,0,0
36241,1,0,0
36242,1,0,0
36243,1,0,0
36244,1,0,0
36245,1,0,0
36246,1,0,0
36247,1,0,0
36248,1,0,0
36249,1,0,0
36250,1,0,0
36251,1,0,0
36252,1,0,0
36253,1,0,0
36254,1,0,0
36255,1,0,0
36256,1,0,0
36257,1,0,0
36258,1,0,0
36259,1,0,0
36260,1,0,0
36261,1,0,0
36262,1,0,0
36263,1,0,0
36264,1,0,0
36265,1,0,0
36266,1,0,0
36267,1,0,0
36268,1,0,0
36269,1,0,0
36270,1,0,0
36271,1,0,0
36272,1,0,0
36273,1,0,0
36274,1,0,0
36275,1,0,0
36276,1,0,0
36277,1,0,0
36278,1,0,0
36279,1,0,0
36280,1,0,0
36281,1,0,0
36282,1,0,0
36283,1,0,0
36284,1,0,0
36285,1,0,0
36286,1,0,0
36287,1,0,0
36288,1,0,0
36289,1,0,0
36290,1,0,0
36291,1,0,0
36292,1,0,0
36293,1,0,0
36294,1,0,0
36295,1,0,0
36296,1,0,0
36297,1,0,0
36298,1,0,0
36299,1,0,0
36300,1,0,0
36301,1,0,0
36302,1,0,0
36303,1,0,0
36304,1,0,0
36305,1,0,0
36306,1,0,0
36307,1,0,0
36308,1,0,0
36309,1,0,0
36310,1,0,0
36311,1,0,0
36312,1,0,0
36313,1,0,0
36314,1,0,0
36315,1,0,0
36316,1,0,0
36317,1,0,0
36318,1,0,0
36319,1,0,0
36320,1,0,0
36321,1,0,0
36322,1,0,0
36323,1,0,0
36324,1,0,0
36325,1,0,0
36326,1,0,0
36327,1,0,0
36328,1,0,0
36329,1,0,0
36330,1,0,0
36331,1,0,0
36332,1,0,0
36333,1,0,0
36334,1,0,0
36335,1,0,0
36336,1,0,0
36337,1,0,0
36338,1,0,0
36339,1,0,0
36340,1,0,0
36341,1,0,0
36342,1,0,0
36343,1,0,0
36344,1,0,0
36345,1,0,0
36346,1,0,0
36347,1,0,0
36348,1,0,0
36349,1,0,0
36350,1,0,0
36351,1,0,0
36352,1,0,0
36353,1,0,0
36354,1,0,0
36355,1,0,0
36356,1,0,0
36357,1,0,0
36358,1,0,0
36359,1,0,0
36360,1,0,0
36361,1,0,0
36362,1,0,0
36363,1,0,0
36364,1,0,0
36365,1,0,0
36366,1,0,0
36367,1,0,0
36368,1,0,0
36369,1,0,0
36370,1,0,0
36371,1,0,0
36372,1,0,0
36373,1,0,0
36374,1,0,0
36375,1,0,0
36376,1,0,0
36377,1,0,0
36378,1,0,0
36379,1,0,0
36380,1,0,0
36381,1,0,0
36382,1,0,0
36383,1,0,0
36384,1,0,0
36385,1,0,0
36386,1,0,0
36387,1,0,0
36388,1,0,0
36389,1,0,0
36390,1,0,0
36391,1,0,0
36392,1,0,0
36393,1,0,0
36394,1,0,0
36395,1,0,0
36396,1,0,0
36397,1,0,0
36398,1,0,0
36399,1,0,0
36400,1,0,0
36401,1,0,0
36402,1,0,0
36403,1,0,0
36404,1,0,0
36405,1,0,0
36406,1,0,0
36407,1,0,0
36408,1,0,0
36409,1,0,0
36410,1,0,0
36411,1,0,0
36412,1,0,0
36413,1,0,0
36414,1,0,0
36415,1,0,0
36416,1,0,0
36417,1,0,0
36418,1,0,0
36419,1,0,0
36420,1,0,0
36421,1,0,0
36422,1,0,0
36423,1,0,0
36424,1,0,0
36425,1,0,0
36426,1,0,0
36427,1,0,0
36428,1,0,0
36429,1,0,0
36430,1,0,0
36431,1,0,0
36432,1,0,0
36433,1,0,0
36434,1,0,0
36435,1,0,0
36436,1,0,0
36437,1,0,0
36438,1,0,0
36439,1,0,0
36440,1,0,0
36441,1,0,0
36442,1,0,0
36443,1,0,0
36444,1,0,0
36445,1,0,0
36446,1,0,0
36447,1,0,0
36448,1,0,0
36449,1,0,0
36450,1,0,0
36451,1,0,0
36452,1,0,0
36453,1,0,0
36454,1,0,0
36455,1,0,0
36456,1,0,0
36457,1,0,0
36458,1,0,0
36459,1,0,0
36460,1,0,0
36461,1,0,0
36462,1,0,0
36463,1,0,0
36464,1,0,0
36465,1,0,0
36466,1,0,0
36467,1,0,0
36468,1,0,0
36469,1,0,0
36470,1,0,0
36471,1,0,0
36472,1,0,0
36473,1,0,0
36474,1,0,0
36475,1,0,0
36476,1,0,0
36477,1,0,0
36478,1,0,0
36479,1,0,0
36480,1,0,0
36481,1,0,0
36482,1,0,0
36483,1,0,0
36484,1,0,0
36485,1,0,0
36486,1,0,0
36487,1,0,0
36488,1,0,0
36489,1,0,0
36490,1,0,0
36491,1,0,0
36492,1,0,0
36493,1,0,0
36494,1,0,0
36495,1,0,0
36496,1,0,0
36497,1,0,0
36498,1,0,0
36499,1,0,0
36500,1,0,0
36501,1,0,0
36502,1,0,0
36503,1,0,0
36504,1,0,0
36505,1,0,0
36506,1,0,0
36507,1,0,0
36508,1,0,0
36509,1,0,0
36510,1,0,0
36511,1,0,0
36512,1,0,0
36513,1,0,0
36514,1,0,0
36515,1,0,0
36516,1,0,0
36517,1,0,0
36518,1,0,0
36519,1,0,0
36520,1,0,0
36521,1,0,0
36522,1,0,0
36523,1,0,0
36524,1,0,0
36525,1,0,0
36526,1,0,0
36527,1,0,0
36528,1,0,0
36529,1,0,0
36530,1,0,0
36531,1,0,0
36532,1,0,0
36533,1,0,0
36534,1,0,0
36535,1,0,0
36536,1,0,0
36537,1,0,0
36538,1,0,0
36539,1,0,0
36540,1,0,0
36541,1,0,0
36542,1,0,0
36543,1,0,0
36544,1,0,0
36545,1,0,0
36546,0,1,0
36547,0,1,0
36548,0,1,0
36549,0,1,0
36550,0,1,0
36551,0,1,0
36552,0,1,0
36553,0,1,0
36554,0,1,0
36555,0,1,0
36556,0,1,0
36557,0,1,0
36558,0,1,0
36559,0,1,0
36560,0,1,0
36561,0,1,0
36562,0,1,0
36563,0,1,0
36564,0,1,0
36565,0,1,0
36566,0,1,0
36567,0,1,0
36568,0,1,0
36569,0,1,0
36570,0,1,0
36571,0,1,0
36572,0,1,0
36573,0,1,0
36574,0,1,0
36575,0,1,0
36576,0,1,0
36577,0,1,0
36578,0,1,0
36579,0,1,0
36580,0,1,0
36581,0,1,0
36582,0,1,0
36583,0,1,0
36584,0,1,0
36585,0,1,0
36586,0,1,0
36587,0,1,0
36588,0,1,0
36589,0,1,0
36590,0,1,0
36591,0,1,0
36592,0,1,0
36593,0,1,0
36594,0,1,0
36595,0,1,0
36596,0,1,0
36597,0,1,0
36598,0,1,0
36599,0,1,0
36600,0,1,0
36601,0,1,0
36602,0,1,0
36603,0,1,0
36604,0,1,0
36605,0,1,0
36606,0,1,0
36607,0,1,0
36608,0,1,0
36609,0,1,0
36610,0,1,0
36611,0,1,0
36612,0,1,0
36613,0,1,0
36614,0,1,0
36615,0,1,0
36616,0,1,0
36617,0,1,0
36618,0,1,0
36619,0,1,0
36620,0,1,0
36621,0,1,0
36622,0,1,0
36623,0,1,0
36624,0,1,0
36625,0,1,0
36626,0,1,0
36627,0,1,0
36628,1,0,0
36629,1,0,0
36630,1,0,0
36631,1,0,0
36632,1,0,0
36633,1,0,0
36634,1,0,0
36635,1,0,0
36636,1,0,0
36637,1,0,0
36638,1,0,0
36639,1,0,0
36640,1,0,0
36641,1,0,0
36642,1,0,0
36643,1,0,0
36644,1,0,0
36645,1,0,0
36646,1,0,0
36647,1,0,0
36648,1,0,0
36649,1,0,0
36650,1,0,0
36651,1,0,0
36652,1,0,0
36653,1,0,0
36654,1,0,0
36655,1,0,0
36656,1,0,0
36657,1,0,0
36658,1,0,0
36659,1,0,0
36660,1,0,0
36661,1,0,0
36662,1,0,0
36663,1,0,0
36664,1,0,0
36665,1,0,0
36666,1,0,0
36667,1,0,0
36668,1,0,0
36669,1,0,0
36670,1,0,0
36671,1,0,0
36672,1,0,0
36673,1,0,0
36674,1,0,0
36675,1,0,0
36676,1,0,0
36677,1,0,0
36678,1,0,0
36679,1,0,0
36680,1,0,0
36681,1,0,0
36682,1,0,0
36683,1,0,0
36684,1,0,0
36685,1,0,0
36686,1,0,0
36687,1,0,0
36688,1,0,0
36689,1,0,0
36690,1,0,0
36691,1,0,0
36692,1,0,0
36693,1,0,0
36694,1,0,0
36695,1,0,0
36696,1,0,0
36697,1,0,0
36698,1,0,0
36699,1,0,0
36700,1,0,0
36701,1,0,0
36702,1,0,0
36703,1,0,0
36704,1,0,0
36705,1,0,0
36706,1,0,0
36707,1,0,0
36708,1,0,0
36709,1,0,0
36710,1,0,0
36711,1,0,0
36712,1,0,0
36713,1,0,0
36714,1,0,0
36715,1,0,0
36716,1,0,0
36717,1,0,0
36718,1,0,0
36719,1,0,0
36720,1,0,0
36721,1,0,0
36722,1,0,0
36723,1,0,0
36724,1,0,0
36725,1,0,0
36726,1,0,0
36727,1,0,0
36728,1,0,0
36729,1,0,0
36730,1,0,0
36731,1,0,0
36732,1,0,0
36733,1,0,0
36734,1,0,0
36735,1,0,0
36736,1,0,0
36737,1,0,0
36738,1,0,0
36739,1,0,0
36740,1,0,0
36741,1,0,0
36742,1,0,0
36743,1,0,0
36744,1,0,0
36745,1,0,0
36746,1,0,0
36747,1,0,0
36748,1,0,0
36749,1,0,0
36750,1,0,0
36751,1,0,0
36752,1,0,0
36753,1,0,0
36754,1,0,0
36755,1,0,0
36756,1,0,0
36757,1,0,0
36758,1,0,0
36759,1,0,0
36760,1,0,0
36761,1,0,0
36762,1,0,0
36763,1,0,0
36764,1,0,0
36765,1,0,0
36766,1,0,0
36767,1,0,0
36768,1,0,0
36769,1,0,0
36770,1,0,0
36771,1,0,0
36772,1,0,0
36773,1,0,0
36774,1,0,0
36775,1,0,0
36776,1,0,0
36777,1,0,0
36778,1,0,0
36779,1,0,0
36780,1,0,0
36781,1,0,0
36782,1,0,0
36783,1,0,0
36784,1,0,0
36785,1,0,0
36786,1,0,0
36787,1,0,0
36788,1,0,0
36789,1,0,0
36790,1,0,0
36791,1,0,0
36792,1,0,0
36793,1,0,0
36794,1,0,0
36795,1,0,0
36796,1,0,0
36797,1,0,0
36798,1,0,0
36799,1,0,0
36800,1,0,0
36801,1,0,0
36802,1,0,0
36803,1,0,0
36804,1,0,0
36805,1,0,0
36806,1,0,0
36807,1,0,0
36808,1,0,0
36809,1,0,0
36810,1,0,0
36811,1,0,0
36812,1,0,0
36813,1,0,0
36814,1,0,0
36815,1,0,0
36816,1,0,0
36817,1,0,0
36818,1,0,0
36819,1,0,0
36820,1,0,0
36821,1,0,0
36822,1,0,0
36823,1,0,0
36824,1,0,0
36825,1,0,0
36826,1,0,0
36827,1,0,0
36828,1,0,0
36829,1,0,0
36830,1,0,0
36831,1,0,0
36832,1,0,0
36833,1,0,0
36834,1,0,0
36835,1,0,0
36836,1,0,0
36837,1,0,0
36838,1,0,0
36839,1,0,0
36840,1,0,0
36841,1,0,0
36842,1,0,0
36843,1,0,0
36844,1,0,0
36845,1,0,0
36846,1,0,0
36847,1,0,0
36848,1,0,0
36849,1,0,0
36850,1,0,0
36851,1,0,0
36852,1,0,0
36853,1,0,0
36854,1,0,0
36855,1,0,0
36856,1,0,0
36857,1,0,0
36858,1,0,0
36859,1,0,0
36860,1,0,0
36861,1,0,0
36862,1,0,0
36863,1,0,0
36864,1,0,0
36865,1,0,0
36866,1,0,0
36867,1,0,0
36868,1,0,0
36869,1,0,0
36870,1,0,0
36871,1,0,0
36872,1,0,0
36873,1,0,0
36874,1,0,0
36875,1,0,0
36876,1,0,0
36877,1,0,0
36878,1,0,0
36879,1,0,0
36880,1,0,0
36881,1,0,0
36882,1,0,0
36883,1,0,0
36884,1,0,0
36885,1,0,0
36886,1,0,0
36887,1,0,0
36888,1,0,0
36889,1,0,0
36890,1,0,0
36891,1,0,0
36892,1,0,0
36893,1,0,0
36894,1,0,0
36895,1,0,0
36896,1,0,0
36897,1,0,0
36898,1,0,0
36899,1,0,0
36900,1,0,0
36901,1,0,0
36902,1,0,0
36903,1,0,0
36904,1,0,0
36905,1,0,0
36906,1,0,0
36907,1,0,0
36908,1,0,0
36909,1,0,0
36910,1,0,0
36911,1,0,0
36912,1,0,0
36913,1,0,0
36914,1,0,0
36915,1,0,0
36916,1,0,0
36917,1,0,0
36918,1,0,0
36919,1,0,0
36920,1,0,0
36921,1,0,0
36922,1,0,0
36923,1,0,0
36924,1,0,0
36925,1,0,0
36926,1,0,0
36927,1,0,0
36928,1,0,0
36929,1,0,0
36930,1,0,0
36931,1,0,0
36932,1,0,0
36933,1,0,0
36934,1,0,0
36935,1,0,0
36936,1,0,0
36937,1,0,0
36938,1,0,0
36939,1,0,0
36940,1,0,0
36941,1,0,0
36942,1,0,0
36943,1,0,0
36944,1,0,0
36945,1,0,0
36946,1,0,0
36947,1,0,0
36948,1,0,0
36949,1,0,0
36950,1,0,0
36951,1,0,0
36952,1,0,0
36953,1,0,0
36954,1,0,0
36955,1,0,0
36956,1,0,0
36957,1,0,0
36958,1,0,0
36959,1,0,0
36960,1,0,0
36961,1,0,0
36962,1,0,0
36963,1,0,0
36964,1,0,0
36965,1,0,0
36966,1,0,0
36967,1,0,0
36968,1,0,0
36969,1,0,0
36970,1,0,0
36971,1,0,0
36972,1,0,0
36973,1,0,0
36974,1,0,0
36975,1,0,0
36976,1,0,0
36977,1,0,0
36978,1,0,0
36979,1,0,0
36980,1,0,0
36981,1,0,0
36982,1,0,0
36983,1,0,0
36984,1,0,0
36985,1,0,0
36986,1,0,0
36987,1,0,0
36988,1,0,0
36989,1,0,0
36990,1,0,0
36991,1,0,0
36992,1,0,0
36993,1,0,0
36994,1,0,0
36995,1,0,0
36996,1,0,0
36997,1,0,0
36998,1,0,0
36999,1,0,0
37000,1,0,0
37001,1,0,0
37002,1,0,0
37003,1,0,0
37004,1,0,0
37005,1,0,0
37006,1,0,0
37007,1,0,0
37008,1,0,0
37009,1,0,0
37010,1,0,0
37011,1,0,0
37012,1,0,0
37013,1,0,0
37014,1,0,0
37015,1,0,0
37016,1,0,0
37017,1,0,0
37018,1,0,0
37019,1,0,0
37020,1,0,0
37021,1,0,0
37022,1,0,0
37023,1,0,0
37024,1,0,0
37025,1,0,0
37026,1,0,0
37027,1,0,0
37028,1,0,0
37029,1,0,0
37030,1,0,0
37031,1,0,0
37032,1,0,0
37033,1,0,0
37034,1,0,0
37035,1,0,0
37036,1,0,0
37037,1,0,0
37038,1,0,0
37039,1,0,0
37040,1,0,0
37041,1,0,0
37042,1,0,0
37043,1,0,0
37044,1,0,0
37045,1,0,0
37046,1,0,0
37047,1,0,0
37048,1,0,0
37049,1,0,0
37050,1,0,0
37051,1,0,0
37052,1,0,0
37053,1,0,0
37054,1,0,0
37055,1,0,0
37056,1,0,0
37057,1,0,0
37058,1,0,0
37059,1,0,0
37060,1,0,0
37061,1,0,0
37062,1,0,0
37063,1,0,0
37064,1,0,0
37065,1,0,0
37066,1,0,0
37067,1,0,0
37068,1,0,0
37069,1,0,0
37070,1,0,0
37071,1,0,0
37072,1,0,0
37073,1,0,0
37074,1,0,0
37075,1,0,0
37076,1,0,0
37077,1,0,0
37078,1,0,0
37079,1,0,0
37080,1,0,0
37081,1,0,0
37082,1,0,0
37083,1,0,0
37084,1,0,0
37085,1,0,0
37086,1,0,0
37087,1,0,0
37088,1,0,0
37089,1,0,0
37090,1,0,0
37091,1,0,0
37092,1,0,0
37093,1,0,0
37094,1,0,0
37095,1,0,0
37096,1,0,0
37097,1,0,0
37098,1,0,0
37099,1,0,0
37100,1,0,0
37101,1,0,0
37102,1,0,0
37103,1,0,0
37104,1,0,0
37105,1,0,0
37106,1,0,0
37107,1,0,0
37108,1,0,0
37109,1,0,0
37110,1,0,0
37111,1,0,0
37112,1,0,0
37113,1,0,0
37114,1,0,0
37115,1,0,0
37116,1,0,0
37117,1,0,0
37118,1,0,0
37119,1,0,0
37120,1,0,0
37121,1,0,0
37122,1,0,0
37123,1,0,0
37124,1,0,0
37125,1,0,0
37126,1,0,0
37127,1,0,0
37128,1,0,0
37129,1,0,0
37130,1,0,0
37131,1,0,0
37132,1,0,0
37133,1,0,0
37134,1,0,0
37135,1,0,0
37136,1,0,0
37137,1,0,0
37138,1,0,0
37139,1,0,0
37140,1,0,0
37141,1,0,0
37142,1,0,0
37143,1,0,0
37144,1,0,0
37145,1,0,0
37146,1,0,0
37147,1,0,0
37148,1,0,0
37149,1,0,0
37150,1,0,0
37151,1,0,0
37152,1,0,0
37153,1,0,0
37154,1,0,0
37155,1,0,0
37156,1,0,0
37157,1,0,0
37158,1,0,0
37159,1,0,0
37160,1,0,0
37161,1,0,0
37162,1,0,0
37163,1,0,0
37164,1,0,0
37165,1,0,0
37166,1,0,0
37167,1,0,0
37168,1,0,0
37169,1,0,0
37170,1,0,0
37171,1,0,0
37172,1,0,0
37173,1,0,0
37174,1,0,0
37175,1,0,0
37176,1,0,0
37177,1,0,0
37178,1,0,0
37179,1,0,0
37180,1,0,0
37181,1,0,0
37182,1,0,0
37183,1,0,0
37184,1,0,0
37185,1,0,0
37186,1,0,0
37187,1,0,0
37188,1,0,0
37189,1,0,0
37190,1,0,0
37191,1,0,0
37192,1,0,0
37193,1,0,0
37194,1,0,0
37195,1,0,0
37196,1,0,0
37197,1,0,0
37198,1,0,0
37199,1,0,0
37200,1,0,0
37201,1,0,0
37202,1,0,0
37203,1,0,0
37204,1,0,0
37205,1,0,0
37206,1,0,0
37207,1,0,0
37208,1,0,0
37209,1,0,0
37210,1,0,0
37211,1,0,0
37212,1,0,0
37213,1,0,0
37214,1,0,0
37215,1,0,0
37216,1,0,0
37217,1,0,0
37218,1,0,0
37219,1,0,0
37220,1,0,0
37221,1,0,0
37222,1,0,0
37223,1,0,0
37224,1,0,0
37225,1,0,0
37226,1,0,0
37227,1,0,0
37228,1,0,0
37229,1,0,0
37230,1,0,0
37231,1,0,0
37232,1,0,0
37233,1,0,0
37234,1,0,0
37235,1,0,0
37236,1,0,0
37237,1,0,0
37238,1,0,0
37239,1,0,0
37240,1,0,0
37241,1,0,0
37242,1,0,0
37243,1,0,0
37244,1,0,0
37245,1,0,0
37246,1,0,0
37247,1,0,0
37248,1,0,0
37249,1,0,0
37250,1,0,0
37251,1,0,0
37252,1,0,0
37253,1,0,0
37254,1,0,0
37255,0,0,1
37256,0,0,1
37257,0,0,1
37258,0,0,1
37259,0,0,1
37260,0,0,1
37261,0,0,1
37262,0,0,1
37263,0,0,1
37264,0,0,1
37265,0,0,1
37266,0,0,1
37267,0,0,1
37268,0,0,1
37269,0,0,1
37270,0,0,1
37271,0,0,1
37272,0,0,1
37273,0,0,1
37274,0,0,1
37275,0,0,1
37276,0,0,1
37277,0,0,1
37278,0,0,1
37279,0,0,1
37280,0,0,1
37281,0,0,1
37282,0,0,1
37283,0,0,1
37284,0,0,1
37285,0,0,1
37286,0,0,1
37287,0,0,1
37288,0,0,1
37289,0,0,1
37290,0,0,1
37291,0,0,1
37292,0,0,1
37293,0,0,1
37294,0,0,1
37295,0,0,1
37296,0,0,1
37297,0,0,1
37298,0,0,1
37299,0,0,1
37300,0,0,1
37301,0,0,1
37302,0,0,1
37303,0,0,1
37304,0,0,1
37305,0,0,1
37306,0,0,1
37307,0,0,1
37308,0,0,1
37309,0,0,1
37310,0,0,1
37311,0,0,1
37312,0,0,1
37313,0,0,1
37314,0,0,1
37315,0,0,1
37316,0,0,1
37317,0,0,1
37318,0,0,1
37319,0,0,1
37320,0,0,1
37321,0,0,1
37322,0,0,1
37323,0,0,1
37324,0,0,1
37325,0,0,1
37326,0,0,1
37327,0,0,1
37328,0,0,1
37329,0,0,1
37330,0,0,1
37331,0,0,1
37332,0,0,1
37333,0,0,1
37334,0,0,1
37335,0,0,1
37336,0,0,1
37337,0,0,1
37338,0,0,1
37339,0,0,1
37340,0,0,1
37341,0,0,1
37342,0,0,1
37343,0,0,1
37344,0,0,1
37345,0,0,1
37346,0,0,1
37347,0,0,1
37348,0,0,1
37349,0,0,1
37350,0,0,1
37351,0,0,1
37352,0,0,1
37353,0,0,1
37354,0,0,1
37355,0,0,1
37356,0,0,1
37357,0,0,1
37358,0,0,1
37359,0,0,1
37360,0,0,1
37361,0,0,1
37362,0,0,1
37363,0,0,1
37364,0,0,1
37365,0,0,1
37366,0,0,1
37367,0,0,1
37368,0,0,1
37369,0,0,1
37370,0,0,1
37371,0,0,1
37372,0,0,1
37373,0,0,1
37374,0,0,1
37375,0,0,1
37376,0,0,1
37377,0,0,1
37378,0,0,1
37379,0,0,1
37380,0,0,1
37381,0,0,1
37382,0,0,1
37383,0,0,1
37384,0,0,1
37385,0,0,1
37386,0,0,1
37387,0,0,1
37388,0,0,1
37389,0,0,1
37390,0,0,1
37391,0,0,1
37392,0,0,1
37393,0,0,1
37394,0,0,1
37395,0,0,1
37396,0,0,1
37397,0,0,1
37398,0,0,1
37399,0,0,1
37400,0,0,1
37401,0,0,1
37402,0,0,1
37403,0,0,1
37404,0,0,1
37405,0,0,1
37406,0,0,1
37407,0,0,1
37408,0,0,1
37409,0,0,1
37410,0,0,1
37411,0,0,1
37412,0,0,1
37413,0,0,1
37414,0,0,1
37415,0,0,1
37416,0,0,1
37417,0,0,1
37418,0,0,1
37419,0,0,1
37420,0,0,1
37421,0,0,1
37422,0,0,1
37423,0,0,1
37424,0,0,1
37425,0,0,1
37426,0,0,1
37427,0,0,1
37428,0,0,1
37429,0,0,1
37430,0,0,1
37431,0,0,1
37432,0,0,1
37433,0,0,1
37434,0,0,1
37435,0,0,1
37436,0,0,1
37437,0,0,1
37438,0,0,1
37439,0,0,1
37440,0,0,1
37441,0,0,1
37442,0,0,1
37443,0,0,1
37444,0,0,1
37445,0,0,1
37446,0,0,1
37447,0,0,1
37448,0,0,1
37449,0,0,1
37450,0,0,1
37451,0,0,1
37452,0,0,1
37453,0,0,1
37454,0,0,1
37455,0,0,1
37456,0,0,1
37457,0,0,1
37458,0,0,1
37459,0,0,1
37460,0,0,1
37461,0,0,1
37462,0,0,1
37463,0,0,1
37464,0,0,1
37465,0,0,1
37466,0,0,1
37467,0,0,1
37468,0,0,1
37469,0,0,1
37470,0,0,1
37471,0,0,1
37472,0,0,1
37473,0,0,1
37474,0,0,1
37475,0,0,1
37476,0,0,1
37477,0,0,1
37478,0,0,1
37479,0,0,1
37480,0,0,1
37481,0,0,1
37482,0,0,1
37483,0,0,1
37484,0,0,1
37485,0,0,1
37486,0,0,1
37487,0,0,1
37488,0,0,1
37489,0,0,1
37490,0,0,1
37491,0,0,1
37492,0,0,1
37493,0,0,1
37494,0,0,1
37495,0,0,1
37496,0,0,1
37497,0,0,1
37498,0,0,1
37499,0,0,1
37500,0,0,1
37501,0,0,1
37502,0,0,1
37503,0,0,1
37504,0,0,1
37505,0,0,1
37506,0,0,1
37507,0,0,1
37508,0,0,1
37509,0,0,1
37510,0,0,1
37511,0,0,1
37512,0,0,1
37513,0,0,1
37514,0,0,1
37515,0,0,1
37516,0,0,1
37517,0,0,1
37518,0,0,1
37519,0,0,1
37520,0,0,1
37521,0,0,1
37522,0,0,1
37523,0,0,1
37524,0,0,1
37525,0,0,1
37526,0,0,1
37527,0,0,1
37528,0,0,1
37529,0,0,1
37530,0,0,1
37531,0,0,1
37532,0,0,1
37533,0,0,1
37534,0,0,1
37535,0,0,1
37536,0,0,1
37537,0,0,1
37538,0,0,1
37539,0,0,1
37540,0,0,1
37541,0,0,1
37542,0,0,1
37543,0,0,1
37544,0,0,1
37545,0,0,1
37546,0,0,1
37547,0,0,1
37548,0,0,1
37549,0,0,1
37550,0,0,1
37551,0,0,1
37552,0,0,1
37553,0,0,1
37554,0,0,1
37555,0,0,1
37556,0,0,1
37557,0,0,1
37558,0,0,1
37559,0,0,1
37560,0,0,1
37561,0,0,1
37562,0,0,1
37563,0,0,1
37564,0,0,1
37565,0,0,1
37566,0,0,1
37567,0,0,1
37568,0,0,1
37569,0,0,1
37570,0,0,1
37571,0,0,1
37572,0,0,1
37573,0,0,1
37574,0,0,1
37575,0,0,1
37576,0,0,1
37577,0,0,1
37578,0,0,1
37579,0,0,1
37580,0,0,1
37581,0,0,1
37582,0,0,1
37583,0,0,1
37584,0,0,1
37585,0,0,1
37586,0,0,1
37587,0,0,1
37588,0,0,1
37589,0,0,1
37590,0,0,1
37591,0,0,1
37592,0,0,1
37593,0,0,1
37594,0,0,1
37595,0,0,1
37596,0,0,1
37597,0,0,1
37598,0,0,1
37599,0,0,1
37600,0,0,1
37601,0,0,1
37602,0,0,1
37603,0,0,1
37604,0,0,1
37605,0,0,1
37606,0,0,1
37607,0,0,1
37608,0,0,1
37609,0,0,1
37610,0,0,1
37611,0,0,1
37612,0,0,1
37613,0,0,1
37614,0,0,1
37615,0,0,1
37616,0,0,1
37617,0,0,1
37618,0,0,1
37619,0,0,1
37620,0,0,1
37621,0,0,1
37622,0,0,1
37623,0,0,1
37624,0,0,1
37625,0,0,1
37626,0,0,1
37627,0,0,1
37628,0,0,1
37629,0,0,1
37630,0,0,1
37631,0,0,1
37632,0,0,1
37633,0,0,1
37634,0,0,1
37635,0,0,1
37636,0,0,1
37637,0,0,1
37638,0,0,1
37639,0,0,1
37640,0,0,1
37641,0,0,1
37642,0,0,1
37643,0,0,1
37644,0,0,1
37645,0,0,1
37646,0,0,1
37647,0,0,1
37648,0,0,1
37649,0,0,1
37650,0,0,1
37651,0,0,1
37652,0,0,1
37653,0,0,1
37654,0,0,1
37655,0,0,1
37656,0,0,1
37657,0,0,1
37658,0,0,1
37659,0,0,1
37660,0,0,1
37661,0,0,1
37662,0,0,1
37663,0,0,1
37664,0,0,1
37665,0,0,1
37666,0,0,1
37667,0,0,1
37668,0,0,1
37669,0,0,1
37670,0,0,1
37671,0,0,1
37672,0,0,1
37673,0,0,1
37674,0,0,1
37675,0,0,1
37676,0,0,1
37677,0,0,1
37678,0,0,1
37679,0,0,1
37680,0,0,1
37681,0,0,1
37682,0,0,1
37683,0,0,1
37684,0,0,1
37685,0,0,1
37686,0,0,1
37687,0,0,1
37688,0,0,1
37689,0,0,1
37690,0,0,1
37691,0,0,1
37692,0,0,1
37693,0,0,1
37694,0,0,1
37695,0,0,1
37696,0,0,1
37697,0,0,1
37698,0,0,1
37699,0,0,1
37700,1,0,0
37701,1,0,0
37702,1,0,0
37703,1,0,0
37704,1,0,0
37705,1,0,0
37706,1,0,0
37707,1,0,0
37708,1,0,0
37709,1,0,0
37710,1,0,0
37711,1,0,0
37712,1,0,0
37713,1,0,0
37714,1,0,0
37715,1,0,0
37716,1,0,0
37717,1,0,0
37718,1,0,0
37719,1,0,0
37720,1,0,0
37721,1,0,0
37722,1,0,0
37723,1,0,0
37724,1,0,0
37725,1,0,0
37726,1,0,0
37727,1,0,0
37728,1,0,0
37729,1,0,0
37730,1,0,0
37731,1,0,0
37732,1,0,0
37733,1,0,0
37734,1,0,0
37735,1,0,0
37736,1,0,0
37737,1,0,0
37738,1,0,0
37739,1,0,0
37740,1,0,0
37741,1,0,0
37742,1,0,0
37743,1,0,0
37744,1,0,0
37745,1,0,0
37746,1,0,0
37747,1,0,0
37748,1,0,0
37749,1,0,0
37750,1,0,0
37751,1,0,0
37752,1,0,0
37753,1,0,0
37754,1,0,0
37755,1,0,0
37756,1,0,0
37757,1,0,0
37758,1,0,0
37759,1,0,0
37760,1,0,0
37761,1,0,0
37762,1,0,0
37763,1,0,0
37764,1,0,0
37765,1,0,0
37766,1,0,0
37767,1,0,0
37768,1,0,0
37769,1,0,0
37770,1,0,0
37771,1,0,0
37772,1,0,0
37773,1,0,0
37774,1,0,0
37775,1,0,0
37776,1,0,0
37777,1,0,0
37778,1,0,0
37779,1,0,0
37780,1,0,0
37781,1,0,0
37782,1,0,0
37783,1,0,0
37784,1,0,0
37785,1,0,0
37786,1,0,0
37787,1,0,0
37788,1,0,0
37789,1,0,0
37790,1,0,0
37791,1,0,0
37792,1,0,0
37793,1,0,0
37794,1,0,0
37795,1,0,0
37796,1,0,0
37797,1,0,0
37798,1,0,0
37799,1,0,0
37800,1,0,0
37801,1,0,0
37802,1,0,0
37803,1,0,0
37804,1,0,0
37805,1,0,0
37806,1,0,0
37807,1,0,0
37808,1,0,0
37809,1,0,0
37810,1,0,0
37811,1,0,0
37812,1,0,0
37813,1,0,0
37814,1,0,0
37815,1,0,0
37816,1,0,0
37817,1,0,0
37818,1,0,0
37819,1,0,0
37820,1,0,0
37821,1,0,0
37822,1,0,0
37823,1,0,0
37824,1,0,0
37825,1,0,0
37826,1,0,0
37827,1,0,0
37828,1,0,0
37829,1,0,0
37830,1,0,0
37831,1,0,0
37832,1,0,0
37833,1,0,0
37834,1,0,0
37835,1,0,0
37836,1,0,0
37837,1,0,0
37838,1,0,0
37839,1,0,0
37840,1,0,0
37841,1,0,0
37842,1,0,0
37843,1,0,0
37844,1,0,0
37845,1,0,0
37846,1,0,0
37847,1,0,0
37848,1,0,0
37849,1,0,0
37850,1,0,0
37851,1,0,0
37852,1,0,0
37853,1,0,0
37854,1,0,0
37855,1,0,0
37856,1,0,0
37857,1,0,0
37858,1,0,0
37859,1,0,0
37860,1,0,0
37861,1,0,0
37862,1,0,0
37863,1,0,0
37864,1,0,0
37865,1,0,0
37866,1,0,0
37867,1,0,0
37868,1,0,0
37869,1,0,0
37870,1,0,0
37871,1,0,0
37872,1,0,0
37873,1,0,0
37874,1,0,0
37875,1,0,0
37876,1,0,0
37877,1,0,0
37878,1,0,0
37879,1,0,0
37880,1,0,0
37881,1,0,0
37882,1,0,0
37883,1,0,0
37884,1,0,0
37885,1,0,0
37886,1,0,0
37887,1,0,0
37888,1,0,0
37889,1,0,0
37890,1,0,0
37891,1,0,0
37892,1,0,0
37893,1,0,0
37894,1,0,0
37895,1,0,0
37896,1,0,0
37897,1,0,0
37898,1,0,0
37899,1,0,0
37900,1,0,0
37901,1,0,0
37902,1,0,0
37903,1,0,0
37904,1,0,0
37905,1,0,0
37906,1,0,0
37907,1,0,0
37908,1,0,0
37909,1,0,0
37910,1,0,0
37911,1,0,0
37912,1,0,0
37913,1,0,0
37914,1,0,0
37915,1,0,0
37916,1,0,0
37917,1,0,0
37918,1,0,0
37919,1,0,0
37920,1,0,0
37921,1,0,0
37922,1,0,0
37923,1,0,0
37924,1,0,0
37925,1,0,0
37926,1,0,0
37927,1,0,0
37928,1,0,0
37929,1,0,0
37930,1,0,0
37931,1,0,0
37932,1,0,0
37933,1,0,0
37934,1,0,0
37935,1,0,0
37936,1,0,0
37937,1,0,0
37938,1,0,0
37939,1,0,0
37940,1,0,0
37941,1,0,0
37942,1,0,0
37943,1,0,0
37944,1,0,0
37945,1,0,0
37946,1,0,0
37947,1,0,0
37948,1,0,0
37949,1,0,0
37950,1,0,0
37951,1,0,0
37952,1,0,0
37953,1,0,0
37954,1,0,0
37955,1,0,0
37956,1,0,0
37957,1,0,0
37958,1,0,0
37959,1,0,0
37960,1,0,0
37961,1,0,0
37962,1,0,0
37963,1,0,0
37964,1,0,0
37965,1,0,0
37966,1,0,0
37967,1,0,0
37968,1,0,0
37969,1,0,0
37970,1,0,0
37971,1,0,0
37972,1,0,0
37973,1,0,0
37974,1,0,0
37975,1,0,0
37976,1,0,0
37977,1,0,0
37978,1,0,0
37979,1,0,0
37980,1,0,0
37981,1,0,0
37982,1,0,0
37983,1,0,0
37984,1,0,0
37985,1,0,0
37986,1,0,0
37987,1,0,0
37988,1,0,0
37989,1,0,0
37990,1,0,0
37991,1,0,0
37992,1,0,0
37993,1,0,0
37994,1,0,0
37995,1,0,0
37996,1,0,0
37997,1,0,0
37998,1,0,0
37999,1,0,0
38000,1,0,0
38001,1,0,0
38002,1,0,0
38003,1,0,0
38004,1,0,0
38005,1,0,0
38006,1,0,0
38007,1,0,0
38008,1,0,0
38009,1,0,0
38010,1,0,0
38011,1,0,0
38012,1,0,0
38013,1,0,0
38014,1,0,0
38015,1,0,0
38016,1,0,0
38017,1,0,0
38018,1,0,0
38019,1,0,0
38020,1,0,0
38021,1,0,0
38022,1,0,0
38023,1,0,0
38024,1,0,0
38025,1,0,0
38026,1,0,0
38027,1,0,0
38028,1,0,0
38029,1,0,0
38030,1,0,0
38031,1,0,0
38032,1,0,0
38033,1,0,0
38034,1,0,0
38035,1,0,0
38036,1,0,0
38037,1,0,0
38038,1,0,0
38039,1,0,0
38040,1,0,0
38041,1,0,0
38042,1,0,0
38043,1,0,0
38044,1,0,0
38045,1,0,0
38046,1,0,0
38047,1,0,0
38048,1,0,0
38049,1,0,0
38050,1,0,0
38051,1,0,0
38052,1,0,0
38053,1,0,0
38054,1,0,0
38055,1,0,0
38056,1,0,0
38057,1,0,0
38058,1,0,0
38059,1,0,0
38060,1,0,0
38061,1,0,0
38062,1,0,0
38063,1,0,0
38064,1,0,0
38065,1,0,0
38066,1,0,0
38067,1,0,0
38068,1,0,0
38069,1,0,0
38070,1,0,0
38071,1,0,0
38072,1,0,0
38073,1,0,0
38074,1,0,0
38075,1,0,0
38076,1,0,0
38077,1,0,0
38078,1,0,0
38079,1,0,0
38080,1,0,0
38081,1,0,0
38082,1,0,0
38083,1,0,0
38084,1,0,0
38085,1,0,0
38086,1,0,0
38087,1,0,0
38088,1,0,0
38089,1,0,0
38090,1,0,0
38091,1,0,0
38092,1,0,0
38093,1,0,0
38094,1,0,0
38095,1,0,0
38096,1,0,0
38097,1,0,0
38098,1,0,0
38099,1,0,0
38100,0,1,0
38101,0,1,0
38102,0,1,0
38103,0,1,0
38104,0,1,0
38105,0,1,0
38106,0,1,0
38107,0,1,0
38108,0,1,0
38109,0,1,0
38110,0,1,0
38111,0,1,0
38112,0,1,0
38113,0,1,0
38114,0,1,0
38115,0,1,0
38116,0,1,0
38117,0,1,0
38118,0,1,0
38119,0,1,0
38120,0,1,0
38121,0,1,0
38122,0,1,0
38123,0,1,0
38124,0,1,0
38125,0,1,0
38126,0,1,0
38127,0,1,0
38128,0,1,0
38129,0,1,0
38130,0,1,0
38131,0,1,0
38132,0,1,0
38133,0,1,0
38134,0,1,0
38135,0,1,0
38136,0,1,0
38137,0,1,0
38138,0,1,0
38139,0,1,0
38140,0,1,0
38141,0,1,0
38142,0,1,0
38143,0,1,0
38144,0,1,0
38145,0,1,0
38146,0,1,0
38147,0,1,0
38148,0,1,0
38149,0,1,0
38150,0,1,0
38151,0,1,0
38152,0,1,0
38153,0,1,0
38154,0,1,0
38155,0,1,0
38156,1,0,0
38157,1,0,0
38158,1,0,0
38159,1,0,0
38160,1,0,0
38161,1,0,0
38162,1,0,0
38163,1,0,0
38164,1,0,0
38165,1,0,0
38166,1,0,0
38167,1,0,0
38168,1,0,0
38169,1,0,0
38170,1,0,0
38171,1,0,0
38172,1,0,0
38173,1,0,0
38174,1,0,0
38175,1,0,0
38176,1,0,0
38177,1,0,0
38178,1,0,0
38179,1,0,0
38180,1,0,0
38181,1,0,0
38182,1,0,0
38183,1,0,0
38184,1,0,0
38185,1,0,0
38186,1,0,0
38187,1,0,0
38188,1,0,0
38189,1,0,0
38190,1,0,0
38191,1,0,0
38192,1,0,0
38193,1,0,0
38194,1,0,0
38195,1,0,0
38196,1,0,0
38197,1,0,0
38198,1,0,0
38199,1,0,0
38200,1,0,0
38201,1,0,0
38202,1,0,0
38203,1,0,0
38204,1,0,0
38205,1,0,0
38206,1,0,0
38207,1,0,0
38208,1,0,0
38209,1,0,0
38210,1,0,0
38211,1,0,0
38212,1,0,0
38213,1,0,0
38214,1,0,0
38215,1,0,0
38216,1,0,0
38217,1,0,0
38218,1,0,0
38219,1,0,0
38220,1,0,0
38221,1,0,0
38222,1,0,0
38223,1,0,0
38224,1,0,0
38225,1,0,0
38226,1,0,0
38227,1,0,0
38228,1,0,0
38229,1,0,0
38230,1,0,0
38231,1,0,0
38232,1,0,0
38233,1,0,0
38234,1,0,0
38235,1,0,0
38236,1,0,0
38237,1,0,0
38238,1,0,0
38239,1,0,0
38240,1,0,0
38241,1,0,0
38242,1,0,0
38243,1,0,0
38244,1,0,0
38245,1,0,0
38246,1,0,0
38247,1,0,0
38248,1,0,0
38249,1,0,0
38250,1,0,0
38251,1,0,0
38252,1,0,0
38253,1,0,0
38254,1,0,0
38255,1,0,0
38256,1,0,0
38257,1,0,0
38258,1,0,0
38259,1,0,0
38260,1,0,0
38261,1,0,0
38262,1,0,0
38263,1,0,0
38264,1,0,0
38265,1,0,0
38266,1,0,0
38267,1,0,0
38268,1,0,0
38269,1,0,0
38270,1,0,0
38271,1,0,0
38272,1,0,0
38273,1,0,0
38274,1,0,0
38275,1,0,0
38276,1,0,0
38277,1,0,0
38278,1,0,0
38279,1,0,0
38280,1,0,0
38281,1,0,0
38282,1,0,0
38283,1,0,0
38284,1,0,0
38285,1,0,0
38286,1,0,0
38287,1,0,0
38288,1,0,0
38289,1,0,0
38290,1,0,0
38291,1,0,0
38292,1,0,0
38293,1,0,0
38294,1,0,0
38295,1,0,0
38296,1,0,0
38297,1,0,0
38298,1,0,0
38299,1,0,0
38300,1,0,0
38301,1,0,0
38302,1,0,0
38303,1,0,0
38304,1,0,0
38305,1,0,0
38306,1,0,0
38307,1,0,0
38308,1,0,0
38309,1,0,0
38310,1,0,0
38311,1,0,0
38312,1,0,0
38313,1,0,0
38314,1,0,0
38315,1,0,0
38316,1,0,0
38317,1,0,0
38318,1,0,0
38319,1,0,0
38320,1,0,0
38321,1,0,0
38322,1,0,0
38323,1,0,0
38324,1,0,0
38325,1,0,0
38326,1,0,0
38327,1,0,0
38328,1,0,0
38329,1,0,0
38330,1,0,0
38331,1,0,0
38332,1,0,0
38333,1,0,0
38334,1,0,0
38335,1,0,0
38336,1,0,0
38337,1,0,0
38338,1,0,0
38339,1,0,0
38340,1,0,0
38341,1,0,0
38342,1,0,0
38343,1,0,0
38344,1,0,0
38345,1,0,0
38346,1,0,0
38347,1,0,0
38348,1,0,0
38349,1,0,0
38350,1,0,0
38351,1,0,0
38352,1,0,0
38353,1,0,0
38354,1,0,0
38355,1,0,0
38356,1,0,0
38357,1,0,0
38358,1,0,0
38359,1,0,0
38360,1,0,0
38361,1,0,0
38362,1,0,0
38363,1,0,0
38364,1,0,0
38365,1,0,0
38366,1,0,0
38367,1,0,0
38368,1,0,0
38369,1,0,0
38370,1,0,0
38371,1,0,0
38372,1,0,0
38373,1,0,0
38374,1,0,0
38375,1,0,0
38376,0,1,0
38377,0,1,0
38378,0,1,0
38379,0,1,0
38380,0,1,0
38381,0,1,0
38382,0,1,0
38383,0,1,0
38384,0,1,0
38385,0,1,0
38386,0,1,0
38387,0,1,0
38388,0,1,0
38389,0,1,0
38390,0,1,0
38391,0,1,0
38392,0,1,0
38393,0,1,0
38394,0,1,0
38395,0,1,0
38396,0,1,0
38397,0,1,0
38398,0,1,0
38399,0,1,0
38400,0,1,0
38401,0,1,0
38402,0,1,0
38403,0,1,0
38404,0,1,0
38405,0,1,0
38406,0,1,0
38407,1,0,0
38408,1,0,0
38409,1,0,0
38410,1,0,0
38411,1,0,0
38412,1,0,0
38413,1,0,0
38414,1,0,0
38415,1,0,0
38416,1,0,0
38417,1,0,0
38418,1,0,0
38419,1,0,0
38420,1,0,0
38421,1,0,0
38422,1,0,0
38423,1,0,0
38424,1,0,0
38425,1,0,0
38426,1,0,0
38427,1,0,0
38428,1,0,0
38429,1,0,0
38430,1,0,0
38431,1,0,0
38432,1,0,0
38433,1,0,0
38434,1,0,0
38435,1,0,0
38436,1,0,0
38437,1,0,0
38438,1,0,0
38439,1,0,0
38440,1,0,0
38441,1,0,0
38442,1,0,0
38443,1,0,0
38444,1,0,0
38445,1,0,0
38446,1,0,0
38447,1,0,0
38448,1,0,0
38449,1,0,0
38450,1,0,0
38451,1,0,0
38452,1,0,0
38453,1,0,0
38454,1,0,0
38455,1,0,0
38456,1,0,0
38457,1,0,0
38458,1,0,0
38459,1,0,0
38460,1,0,0
38461,1,0,0
38462,1,0,0
38463,1,0,0
38464,1,0,0
38465,1,0,0
38466,1,0,0
38467,1,0,0
38468,1,0,0
38469,1,0,0
38470,1,0,0
38471,1,0,0
38472,1,0,0
38473,1,0,0
38474,1,0,0
38475,1,0,0
38476,1,0,0
38477,1,0,0
38478,1,0,0
38479,1,0,0
38480,1,0,0
38481,1,0,0
38482,1,0,0
38483,1,0,0
38484,1,0,0
38485,1,0,0
38486,1,0,0
38487,1,0,0
38488,1,0,0
38489,1,0,0
38490,1,0,0
38491,1,0,0
38492,1,0,0
38493,1,0,0
38494,1,0,0
38495,1,0,0
38496,1,0,0
38497,1,0,0
38498,1,0,0
38499,1,0,0
38500,1,0,0
38501,1,0,0
38502,1,0,0
38503,1,0,0
38504,1,0,0
38505,1,0,0
38506,1,0,0
38507,1,0,0
38508,1,0,0
38509,1,0,0
38510,1,0,0
38511,1,0,0
38512,1,0,0
38513,1,0,0
38514,1,0,0
38515,1,0,0
38516,1,0,0
38517,1,0,0
38518,1,0,0
38519,1,0,0
38520,1,0,0
38521,1,0,0
38522,1,0,0
38523,1,0,0
38524,1,0,0
38525,1,0,0
38526,1,0,0
38527,1,0,0
38528,1,0,0
38529,1,0,0
38530,1,0,0
38531,1,0,0
38532,1,0,0
38533,1,0,0
38534,1,0,0
38535,1,0,0
38536,1,0,0
38537,1,0,0
38538,1,0,0
38539,1,0,0
38540,1,0,0
38541,1,0,0
38542,1,0,0
38543,1,0,0
38544,1,0,0
38545,1,0,0
38546,1,0,0
38547,1,0,0
38548,1,0,0
38549,1,0,0
38550,1,0,0
38551,1,0,0
38552,1,0,0
38553,1,0,0
38554,1,0,0
38555,1,0,0
38556,1,0,0
38557,1,0,0
38558,1,0,0
38559,1,0,0
38560,1,0,0
38561,1,0,0
38562,1,0,0
38563,1,0,0
38564,1,0,0
38565,1,0,0
38566,1,0,0
38567,1,0,0
38568,1,0,0
38569,1,0,0
38570,1,0,0
38571,1,0,0
38572,1,0,0
38573,1,0,0
38574,1,0,0
38575,1,0,0
38576,1,0,0
38577,1,0,0
38578,1,0,0
38579,1,0,0
38580,1,0,0
38581,1,0,0
38582,1,0,0
38583,1,0,0
38584,1,0,0
38585,1,0,0
38586,1,0,0
38587,1,0,0
38588,1,0,0
38589,1,0,0
38590,1,0,0
38591,1,0,0
38592,1,0,0
38593,1,0,0
38594,1,0,0
38595,1,0,0
38596,1,0,0
38597,1,0,0
38598,1,0,0
38599,1,0,0
38600,1,0,0
38601,1,0,0
38602,1,0,0
38603,1,0,0
38604,1,0,0
38605,1,0,0
38606,1,0,0
38607,1,0,0
38608,1,0,0
38609,1,0,0
38610,1,0,0
38611,1,0,0
38612,1,0,0
38613,1,0,0
38614,1,0,0
38615,1,0,0
38616,1,0,0
38617,1,0,0
38618,1,0,0
38619,1,0,0
38620,1,0,0
38621,1,0,0
38622,1,0,0
38623,1,0,0
38624,1,0,0
38625,1,0,0
38626,1,0,0
38627,1,0,0
38628,1,0,0
38629,1,0,0
38630,1,0,0
38631,1,0,0
38632,1,0,0
38633,1,0,0
38634,1,0,0
38635,1,0,0
38636,1,0,0
38637,1,0,0
38638,1,0,0
38639,1,0,0
38640,1,0,0
38641,1,0,0
38642,1,0,0
38643,1,0,0
38644,1,0,0
38645,1,0,0
38646,1,0,0
38647,1,0,0
38648,1,0,0
38649,1,0,0
38650,1,0,0
38651,1,0,0
38652,1,0,0
38653,1,0,0
38654,1,0,0
38655,1,0,0
38656,1,0,0
38657,1,0,0
38658,1,0,0
38659,1,0,0
38660,1,0,0
38661,1,0,0
38662,1,0,0
38663,1,0,0
38664,1,0,0
38665,1,0,0
38666,1,0,0
38667,1,0,0
38668,1,0,0
38669,1,0,0
38670,1,0,0
38671,1,0,0
38672,1,0,0
38673,1,0,0
38674,1,0,0
38675,1,0,0
38676,1,0,0
38677,1,0,0
38678,1,0,0
38679,1,0,0
38680,1,0,0
38681,1,0,0
38682,1,0,0
38683,1,0,0
38684,1,0,0
38685,1,0,0
38686,1,0,0
38687,1,0,0
38688,1,0,0
38689,1,0,0
38690,1,0,0
38691,1,0,0
38692,1,0,0
38693,1,0,0
38694,1,0,0
38695,1,0,0
38696,1,0,0
38697,1,0,0
38698,1,0,0
38699,1,0,0
38700,1,0,0
38701,1,0,0
38702,1,0,0
38703,1,0,0
38704,1,0,0
38705,1,0,0
38706,1,0,0
38707,1,0,0
38708,1,0,0
38709,1,0,0
38710,1,0,0
38711,1,0,0
38712,1,0,0
38713,1,0,0
38714,1,0,0
38715,1,0,0
38716,1,0,0
38717,1,0,0
38718,1,0,0
38719,1,0,0
38720,1,0,0
38721,1,0,0
38722,1,0,0
38723,1,0,0
38724,1,0,0
38725,1,0,0
38726,1,0,0
38727,1,0,0
38728,1,0,0
38729,1,0,0
38730,1,0,0
38731,1,0,0
38732,1,0,0
38733,1,0,0
38734,1,0,0
38735,1,0,0
38736,1,0,0
38737,1,0,0
38738,1,0,0
38739,1,0,0
38740,1,0,0
38741,1,0,0
38742,1,0,0
38743,1,0,0
38744,1,0,0
38745,1,0,0
38746,1,0,0
38747,1,0,0
38748,1,0,0
38749,1,0,0
38750,1,0,0
38751,1,0,0
38752,1,0,0
38753,1,0,0
38754,1,0,0
38755,1,0,0
38756,1,0,0
38757,1,0,0
38758,1,0,0
38759,1,0,0
38760,1,0,0
38761,0,0,1
38762,0,0,1
38763,0,0,1
38764,0,0,1
38765,0,0,1
38766,0,0,1
38767,0,0,1
38768,0,0,1
38769,0,0,1
38770,0,0,1
38771,0,0,1
38772,0,0,1
38773,0,0,1
38774,0,0,1
38775,0,0,1
38776,0,0,1
38777,0,0,1
38778,0,0,1
38779,0,0,1
38780,0,0,1
38781,0,0,1
38782,0,0,1
38783,0,0,1
38784,0,0,1
38785,0,0,1
38786,0,0,1
38787,0,0,1
38788,0,0,1
38789,0,0,1
38790,0,0,1
38791,0,0,1
38792,0,0,1
38793,0,0,1
38794,0,0,1
38795,1,0,0
38796,1,0,0
38797,1,0,0
38798,1,0,0
38799,1,0,0
38800,1,0,0
38801,1,0,0
38802,1,0,0
38803,1,0,0
38804,1,0,0
38805,1,0,0
38806,1,0,0
38807,1,0,0
38808,1,0,0
38809,1,0,0
38810,1,0,0
38811,1,0,0
38812,1,0,0
38813,1,0,0
38814,1,0,0
38815,1,0,0
38816,1,0,0
38817,1,0,0
38818,1,0,0
38819,1,0,0
38820,1,0,0
38821,1,0,0
38822,1,0,0
38823,1,0,0
38824,1,0,0
38825,1,0,0
38826,1,0,0
38827,1,0,0
38828,1,0,0
38829,1,0,0
38830,1,0,0
38831,1,0,0
38832,1,0,0
38833,1,0,0
38834,1,0,0
38835,1,0,0
38836,1,0,0
38837,1,0,0
38838,1,0,0
38839,1,0,0
38840,1,0,0
38841,1,0,0
38842,1,0,0
38843,1,0,0
38844,1,0,0
38845,1,0,0
38846,1,0,0
38847,1,0,0
38848,1,0,0
38849,1,0,0
38850,1,0,0
38851,1,0,0
38852,1,0,0
38853,1,0,0
38854,1,0,0
38855,1,0,0
38856,1,0,0
38857,1,0,0
38858,1,0,0
38859,1,0,0
38860,1,0,0
38861,1,0,0
38862,1,0,0
38863,1,0,0
38864,1,0,0
38865,1,0,0
38866,1,0,0
38867,1,0,0
38868,1,0,0
38869,1,0,0
38870,1,0,0
38871,1,0,0
38872,1,0,0
38873,1,0,0
38874,1,0,0
38875,1,0,0
38876,1,0,0
38877,1,0,0
38878,1,0,0
38879,1,0,0
38880,1,0,0
38881,1,0,0
38882,1,0,0
38883,1,0,0
38884,1,0,0
38885,1,0,0
38886,1,0,0
38887,1,0,0
38888,1,0,0
38889,1,0,0
38890,1,0,0
38891,1,0,0
38892,1,0,0
38893,1,0,0
38894,1,0,0
38895,1,0,0
38896,1,0,0
38897,1,0,0
38898,1,0,0
38899,1,0,0
38900,1,0,0
38901,1,0,0
38902,1,0,0
38903,1,0,0
38904,1,0,0
38905,1,0,0
38906,1,0,0
38907,1,0,0
38908,1,0,0
38909,1,0,0
38910,1,0,0
38911,1,0,0
38912,1,0,0
38913,1,0,0
38914,1,0,0
38915,1,0,0
38916,1,0,0
38917,1,0,0
38918,1,0,0
38919,1,0,0
38920,1,0,0
38921,1,0,0
38922,1,0,0
38923,1,0,0
38924,1,0,0
38925,1,0,0
38926,1,0,0
38927,1,0,0
38928,1,0,0
38929,1,0,0
38930,1,0,0
38931,1,0,0
38932,1,0,0
38933,1,0,0
38934,1,0,0
38935,1,0,0
38936,1,0,0
38937,1,0,0
38938,1,0,0
38939,1,0,0
38940,1,0,0
38941,1,0,0
38942,1,0,0
38943,1,0,0
38944,1,0,0
38945,1,0,0
38946,1,0,0
38947,1,0,0
38948,1,0,0
38949,1,0,0
38950,1,0,0
38951,1,0,0
38952,1,0,0
38953,1,0,0
38954,1,0,0
38955,1,0,0
38956,1,0,0
38957,1,0,0
38958,1,0,0
38959,1,0,0
38960,1,0,0
38961,1,0,0
38962,1,0,0
38963,1,0,0
38964,1,0,0
38965,1,0,0
38966,1,0,0
38967,1,0,0
38968,1,0,0
38969,1,0,0
38970,1,0,0
38971,1,0,0
38972,1,0,0
38973,1,0,0
38974,1,0,0
38975,1,0,0
38976,1,0,0
38977,1,0,0
38978,1,0,0
38979,1,0,0
38980,1,0,0
38981,1,0,0
38982,1,0,0
38983,1,0,0
38984,1,0,0
38985,1,0,0
38986,1,0,0
38987,1,0,0
38988,1,0,0
38989,1,0,0
38990,1,0,0
38991,1,0,0
38992,1,0,0
38993,1,0,0
38994,1,0,0
38995,1,0,0
38996,1,0,0
38997,1,0,0
38998,1,0,0
38999,1,0,0
39000,1,0,0
39001,1,0,0
39002,1,0,0
39003,1,0,0
39004,1,0,0
39005,1,0,0
39006,1,0,0
39007,1,0,0
39008,1,0,0
39009,1,0,0
39010,1,0,0
39011,1,0,0
39012,1,0,0
39013,1,0,0
39014,1,0,0
39015,1,0,0
39016,1,0,0
39017,1,0,0
39018,1,0,0
39019,1,0,0
39020,1,0,0
39021,1,0,0
39022,1,0,0
39023,1,0,0
39024,1,0,0
39025,1,0,0
39026,1,0,0
39027,1,0,0
39028,1,0,0
39029,1,0,0
39030,1,0,0
39031,1,0,0
39032,1,0,0
39033,1,0,0
39034,1,0,0
39035,1,0,0
39036,1,0,0
39037,1,0,0
39038,1,0,0
39039,1,0,0
39040,1,0,0
39041,1,0,0
39042,1,0,0
39043,1,0,0
39044,1,0,0
39045,1,0,0
39046,1,0,0
39047,1,0,0
39048,1,0,0
39049,1,0,0
39050,1,0,0
39051,1,0,0
39052,1,0,0
39053,1,0,0
39054,1,0,0
39055,1,0,0
39056,1,0,0
39057,1,0,0
39058,1,0,0
39059,1,0,0
39060,1,0,0
39061,1,0,0
39062,1,0,0
39063,1,0,0
39064,1,0,0
39065,1,0,0
39066,1,0,0
39067,1,0,0
39068,1,0,0
39069,1,0,0
39070,1,0,0
39071,1,0,0
39072,1,0,0
39073,1,0,0
39074,1,0,0
39075,1,0,0
39076,1,0,0
39077,1,0,0
39078,1,0,0
39079,1,0,0
39080,1,0,0
39081,1,0,0
39082,1,0,0
39083,1,0,0
39084,1,0,0
39085,1,0,0
39086,1,0,0
39087,1,0,0
39088,1,0,0
39089,1,0,0
39090,1,0,0
39091,1,0,0
39092,1,0,0
39093,1,0,0
39094,1,0,0
39095,1,0,0
39096,1,0,0
39097,1,0,0
39098,1,0,0
39099,1,0,0
39100,1,0,0
39101,1,0,0
39102,1,0,0
39103,1,0,0
39104,1,0,0
39105,1,0,0
39106,1,0,0
39107,1,0,0
39108,1,0,0
39109,1,0,0
39110,1,0,0
39111,1,0,0
39112,1,0,0
39113,1,0,0
39114,1,0,0
39115,1,0,0
39116,1,0,0
39117,1,0,0
39118,1,0,0
39119,1,0,0
39120,1,0,0
39121,1,0,0
39122,1,0,0
39123,1,0,0
39124,1,0,0
39125,1,0,0
39126,1,0,0
39127,1,0,0
39128,1,0,0
39129,1,0,0
39130,1,0,0
39131,1,0,0
39132,1,0,0
39133,1,0,0
39134,1,0,0
39135,1,0,0
39136,1,0,0
39137,1,0,0
39138,1,0,0
39139,1,0,0
39140,1,0,0
39141,1,0,0
39142,1,0,0
39143,1,0,0
39144,1,0,0
39145,1,0,0
39146,1,0,0
39147,1,0,0
39148,1,0,0
39149,1,0,0
39150,1,0,0
39151,1,0,0
39152,1,0,0
39153,1,0,0
39154,1,0,0
39155,1,0,0
39156,1,0,0
39157,1,0,0
39158,1,0,0
39159,1,0,0
39160,1,0,0
39161,1,0,0
39162,1,0,0
39163,1,0,0
39164,1,0,0
39165,1,0,0
39166,1,0,0
39167,1,0,0
39168,1,0,0
39169,1,0,0
39170,1,0,0
39171,1,0,0
39172,1,0,0
39173,1,0,0
39174,1,0,0
39175,1,0,0
39176,1,0,0
39177,1,0,0
39178,1,0,0
39179,1,0,0
39180,1,0,0
39181,1,0,0
39182,1,0,0
39183,1,0,0
39184,1,0,0
39185,1,0,0
39186,1,0,0
39187,1,0,0
39188,1,0,0
39189,1,0,0
39190,1,0,0
39191,1,0,0
39192,1,0,0
39193,1,0,0
39194,1,0,0
39195,1,0,0
39196,1,0,0
39197,1,0,0
39198,1,0,0
39199,1,0,0
39200,1,0,0
39201,1,0,0
39202,1,0,0
39203,1,0,0
39204,1,0,0
39205,1,0,0
39206,1,0,0
39207,1,0,0
39208,1,0,0
39209,1,0,0
39210,1,0,0
39211,1,0,0
39212,1,0,0
39213,1,0,0
39214,1,0,0
39215,1,0,0
39216,1,0,0
39217,1,0,0
39218,1,0,0
39219,1,0,0
39220,1,0,0
39221,1,0,0
39222,1,0,0
39223,1,0,0
39224,1,0,0
39225,1,0,0
39226,1,0,0
39227,1,0,0
39228,1,0,0
39229,1,0,0
39230,1,0,0
39231,1,0,0
39232,1,0,0
39233,1,0,0
39234,1,0,0
39235,1,0,0
39236,1,0,0
39237,1,0,0
39238,1,0,0
39239,1,0,0
39240,1,0,0
39241,1,0,0
39242,1,0,0
39243,1,0,0
39244,1,0,0
39245,1,0,0
39246,1,0,0
39247,1,0,0
39248,1,0,0
39249,1,0,0
39250,1,0,0
39251,1,0,0
39252,1,0,0
39253,1,0,0
39254,1,0,0
39255,1,0,0
39256,1,0,0
39257,1,0,0
39258,1,0,0
39259,1,0,0
39260,1,0,0
39261,1,0,0
39262,1,0,0
39263,1,0,0
39264,1,0,0
39265,1,0,0
39266,1,0,0
39267,1,0,0
39268,1,0,0
39269,1,0,0
39270,1,0,0
39271,1,0,0
39272,1,0,0
39273,1,0,0
39274,1,0,0
39275,1,0,0
39276,1,0,0
39277,1,0,0
39278,1,0,0
39279,1,0,0
39280,1,0,0
39281,1,0,0
39282,1,0,0
39283,1,0,0
39284,1,0,0
39285,1,0,0
39286,1,0,0
39287,1,0,0
39288,1,0,0
39289,1,0,0
39290,1,0,0
39291,1,0,0
39292,1,0,0
39293,1,0,0
39294,1,0,0
39295,1,0,0
39296,1,0,0
39297,1,0,0
39298,1,0,0
39299,1,0,0
39300,1,0,0
39301,1,0,0
39302,1,0,0
39303,1,0,0
39304,1,0,0
39305,1,0,0
39306,1,0,0
39307,1,0,0
39308,1,0,0
39309,1,0,0
39310,1,0,0
39311,1,0,0
39312,1,0,0
39313,1,0,0
39314,1,0,0
39315,1,0,0
39316,1,0,0
39317,1,0,0
39318,1,0,0
39319,1,0,0
39320,1,0,0
39321,1,0,0
39322,1,0,0
39323,1,0,0
39324,1,0,0
39325,1,0,0
39326,1,0,0
39327,1,0,0
39328,1,0,0
39329,1,0,0
39330,1,0,0
39331,1,0,0
39332,1,0,0
39333,1,0,0
39334,1,0,0
39335,1,0,0
39336,1,0,0
39337,1,0,0
39338,1,0,0
39339,1,0,0
39340,1,0,0
39341,1,0,0
39342,1,0,0
39343,1,0,0
39344,1,0,0
39345,1,0,0
39346,1,0,0
39347,1,0,0
39348,1,0,0
39349,1,0,0
39350,1,0,0
39351,1,0,0
39352,1,0,0
39353,1,0,0
39354,1,0,0
39355,1,0,0
39356,1,0,0
39357,1,0,0
39358,1,0,0
39359,1,0,0
39360,1,0,0
39361,1,0,0
39362,1,0,0
39363,1,0,0
39364,1,0,0
39365,1,0,0
39366,1,0,0
39367,1,0,0
39368,1,0,0
39369,1,0,0
39370,1,0,0
39371,1,0,0
39372,1,0,0
39373,1,0,0
39374,1,0,0
39375,1,0,0
39376,1,0,0
39377,1,0,0
39378,1,0,0
39379,1,0,0
39380,1,0,0
39381,1,0,0
39382,1,0,0
39383,1,0,0
39384,1,0,0
39385,1,0,0
39386,1,0,0
39387,1,0,0
39388,1,0,0
39389,1,0,0
39390,1,0,0
39391,1,0,0
39392,1,0,0
39393,1,0,0
39394,1,0,0
39395,1,0,0
39396,1,0,0
39397,1,0,0
39398,1,0,0
39399,1,0,0
39400,1,0,0
39401,1,0,0
39402,1,0,0
39403,1,0,0
39404,1,0,0
39405,1,0,0
39406,1,0,0
39407,1,0,0
39408,1,0,0
39409,1,0,0
39410,1,0,0
39411,1,0,0
39412,1,0,0
39413,1,0,0
39414,1,0,0
39415,1,0,0
39416,1,0,0
39417,1,0,0
39418,1,0,0
39419,1,0,0
39420,1,0,0
39421,1,0,0
39422,1,0,0
39423,1,0,0
39424,1,0,0
39425,1,0,0
39426,1,0,0
39427,1,0,0
39428,1,0,0
39429,1,0,0
39430,1,0,0
39431,1,0,0
39432,1,0,0
39433,1,0,0
39434,1,0,0
39435,1,0,0
39436,1,0,0
39437,1,0,0
39438,1,0,0
39439,1,0,0
39440,1,0,0
39441,1,0,0
39442,1,0,0
39443,1,0,0
39444,1,0,0
39445,1,0,0
39446,1,0,0
39447,1,0,0
39448,1,0,0
39449,1,0,0
39450,1,0,0
39451,1,0,0
39452,1,0,0
39453,1,0,0
39454,1,0,0
39455,1,0,0
39456,1,0,0
39457,1,0,0
39458,1,0,0
39459,1,0,0
39460,1,0,0
39461,1,0,0
39462,1,0,0
39463,1,0,0
39464,1,0,0
39465,1,0,0
39466,1,0,0
39467,1,0,0
39468,1,0,0
39469,1,0,0
39470,1,0,0
39471,1,0,0
39472,1,0,0
39473,1,0,0
39474,1,0,0
39475,1,0,0
39476,1,0,0
39477,1,0,0
39478,1,0,0
39479,1,0,0
39480,1,0,0
39481,1,0,0
39482,1,0,0
39483,1,0,0
39484,1,0,0
39485,1,0,0
39486,1,0,0
39487,1,0,0
39488,1,0,0
39489,1,0,0
39490,1,0,0
39491,1,0,0
39492,1,0,0
39493,1,0,0
39494,1,0,0
39495,1,0,0
39496,1,0,0
39497,1,0,0
39498,1,0,0
39499,1,0,0
39500,1,0,0
39501,1,0,0
39502,1,0,0
39503,1,0,0
39504,1,0,0
39505,1,0,0
39506,1,0,0
39507,1,0,0
39508,1,0,0
39509,1,0,0
39510,1,0,0
39511,1,0,0
39512,1,0,0
39513,1,0,0
39514,1,0,0
39515,1,0,0
39516,1,0,0
39517,1,0,0
39518,1,0,0
39519,1,0,0
39520,1,0,0
39521,1,0,0
39522,1,0,0
39523,1,0,0
39524,1,0,0
39525,1,0,0
39526,1,0,0
39527,1,0,0
39528,1,0,0
39529,1,0,0
39530,1,0,0
39531,1,0,0
39532,1,0,0
39533,1,0,0
39534,1,0,0
39535,1,0,0
39536,1,0,0
39537,1,0,0
39538,1,0,0
39539,1,0,0
39540,1,0,0
39541,1,0,0
39542,1,0,0
39543,1,0,0
39544,1,0,0
39545,1,0,0
39546,1,0,0
39547,1,0,0
39548,1,0,0
39549,1,0,0
39550,1,0,0
39551,1,0,0
39552,1,0,0
39553,1,0,0
39554,1,0,0
39555,1,0,0
39556,1,0,0
39557,1,0,0
39558,1,0,0
39559,1,0,0
39560,1,0,0
39561,1,0,0
39562,1,0,0
39563,1,0,0
39564,1,0,0
39565,1,0,0
39566,1,0,0
39567,1,0,0
39568,1,0,0
39569,1,0,0
39570,1,0,0
39571,1,0,0
39572,1,0,0
39573,1,0,0
39574,1,0,0
39575,1,0,0
39576,1,0,0
39577,1,0,0
39578,1,0,0
39579,1,0,0
39580,1,0,0
39581,1,0,0
39582,1,0,0
39583,1,0,0
39584,1,0,0
39585,1,0,0
39586,1,0,0
39587,1,0,0
39588,1,0,0
39589,1,0,0
39590,1,0,0
39591,1,0,0
39592,1,0,0
39593,1,0,0
39594,1,0,0
39595,1,0,0
39596,1,0,0
39597,1,0,0
39598,1,0,0
39599,1,0,0
39600,1,0,0
39601,1,0,0
39602,1,0,0
39603,1,0,0
39604,1,0,0
39605,1,0,0
39606,1,0,0
39607,1,0,0
39608,1,0,0
39609,1,0,0
39610,1,0,0
39611,1,0,0
39612,1,0,0
39613,1,0,0
39614,1,0,0
39615,1,0,0
39616,1,0,0
39617,1,0,0
39618,1,0,0
39619,1,0,0
39620,1,0,0
39621,1,0,0
39622,1,0,0
39623,1,0,0
39624,1,0,0
39625,1,0,0
39626,1,0,0
39627,1,0,0
39628,1,0,0
39629,1,0,0
39630,1,0,0
39631,1,0,0
39632,1,0,0
39633,1,0,0
39634,1,0,0
39635,1,0,0
39636,1,0,0
39637,1,0,0
39638,1,0,0
39639,1,0,0
39640,1,0,0
39641,1,0,0
39642,1,0,0
39643,1,0,0
39644,1,0,0
39645,1,0,0
39646,1,0,0
39647,1,0,0
39648,1,0,0
39649,1,0,0
39650,1,0,0
39651,1,0,0
39652,1,0,0
39653,1,0,0
39654,1,0,0
39655,1,0,0
39656,1,0,0
39657,1,0,0
39658,1,0,0
39659,1,0,0
39660,1,0,0
39661,1,0,0
39662,1,0,0
39663,1,0,0
39664,1,0,0
39665,1,0,0
39666,1,0,0
39667,1,0,0
39668,1,0,0
39669,1,0,0
39670,1,0,0
39671,1,0,0
39672,1,0,0
39673,1,0,0
39674,1,0,0
39675,1,0,0
39676,1,0,0
39677,1,0,0
39678,1,0,0
39679,1,0,0
39680,1,0,0
39681,1,0,0
39682,1,0,0
39683,1,0,0
39684,1,0,0
39685,1,0,0
39686,1,0,0
39687,1,0,0
39688,1,0,0
39689,1,0,0
39690,1,0,0
39691,1,0,0
39692,1,0,0
39693,1,0,0
39694,1,0,0
39695,1,0,0
39696,1,0,0
39697,1,0,0
39698,1,0,0
39699,1,0,0
39700,1,0,0
39701,1,0,0
39702,1,0,0
39703,1,0,0
39704,1,0,0
39705,1,0,0
39706,1,0,0
39707,1,0,0
39708,1,0,0
39709,1,0,0
39710,1,0,0
39711,1,0,0
39712,1,0,0
39713,1,0,0
39714,1,0,0
39715,1,0,0
39716,1,0,0
39717,1,0,0
39718,1,0,0
39719,1,0,0
39720,1,0,0
39721,1,0,0
39722,1,0,0
39723,1,0,0
39724,1,0,0
39725,1,0,0
39726,1,0,0
39727,1,0,0
39728,1,0,0
39729,1,0,0
39730,1,0,0
39731,1,0,0
39732,1,0,0
39733,1,0,0
39734,1,0,0
39735,1,0,0
39736,1,0,0
39737,1,0,0
39738,1,0,0
39739,1,0,0
39740,1,0,0
39741,1,0,0
39742,1,0,0
39743,1,0,0
39744,1,0,0
39745,1,0,0
39746,1,0,0
39747,1,0,0
39748,1,0,0
39749,1,0,0
39750,1,0,0
39751,1,0,0
39752,1,0,0
39753,1,0,0
39754,1,0,0
39755,1,0,0
39756,1,0,0
39757,1,0,0
39758,1,0,0
39759,1,0,0
39760,1,0,0
39761,1,0,0
39762,1,0,0
39763,1,0,0
39764,1,0,0
39765,1,0,0
39766,1,0,0
39767,1,0,0
39768,1,0,0
39769,1,0,0
39770,1,0,0
39771,1,0,0
39772,1,0,0
39773,1,0,0
39774,1,0,0
39775,1,0,0
39776,1,0,0
39777,1,0,0
39778,1,0,0
39779,1,0,0
39780,1,0,0
39781,1,0,0
39782,1,0,0
39783,1,0,0
39784,1,0,0
39785,1,0,0
39786,1,0,0
39787,1,0,0
39788,1,0,0
39789,1,0,0
39790,1,0,0
39791,1,0,0
39792,1,0,0
39793,1,0,0
39794,1,0,0
39795,1,0,0
39796,1,0,0
39797,1,0,0
39798,1,0,0
39799,1,0,0
39800,1,0,0
39801,1,0,0
39802,1,0,0
39803,1,0,0
39804,1,0,0
39805,1,0,0
39806,1,0,0
39807,1,0,0
39808,1,0,0
39809,1,0,0
39810,1,0,0
39811,1,0,0
39812,1,0,0
39813,1,0,0
39814,1,0,0
39815,1,0,0
39816,1,0,0
39817,1,0,0
39818,1,0,0
39819,1,0,0
39820,1,0,0
39821,1,0,0
39822,1,0,0
39823,1,0,0
39824,1,0,0
39825,1,0,0
39826,1,0,0
39827,1,0,0
39828,1,0,0
39829,1,0,0
39830,1,0,0
39831,1,0,0
39832,1,0,0
39833,1,0,0
39834,1,0,0
39835,1,0,0
39836,1,0,0
39837,1,0,0
39838,1,0,0
39839,1,0,0
39840,1,0,0
39841,1,0,0
39842,1,0,0
39843,1,0,0
39844,1,0,0
39845,1,0,0
39846,1,0,0
39847,1,0,0
39848,1,0,0
39849,1,0,0
39850,1,0,0
39851,1,0,0
39852,1,0,0
39853,1,0,0
39854,1,0,0
39855,1,0,0
39856,1,0,0
39857,1,0,0
39858,1,0,0
39859,1,0,0
39860,1,0,0
39861,1,0,0
39862,1,0,0
39863,1,0,0
39864,1,0,0
39865,1,0,0
39866,1,0,0
39867,1,0,0
39868,1,0,0
39869,1,0,0
39870,1,0,0
39871,1,0,0
39872,1,0,0
39873,1,0,0
39874,1,0,0
39875,1,0,0
39876,1,0,0
39877,1,0,0
39878,1,0,0
39879,1,0,0
39880,1,0,0
39881,1,0,0
39882,1,0,0
39883,1,0,0
39884,1,0,0
39885,1,0,0
39886,1,0,0
39887,1,0,0
39888,1,0,0
39889,1,0,0
39890,1,0,0
39891,1,0,0
39892,1,0,0
39893,1,0,0
39894,1,0,0
39895,1,0,0
39896,1,0,0
39897,1,0,0
39898,1,0,0
39899,1,0,0
39900,1,0,0
39901,1,0,0
39902,1,0,0
39903,1,0,0
39904,1,0,0
39905,1,0,0
39906,1,0,0
39907,1,0,0
39908,1,0,0
39909,1,0,0
39910,1,0,0
39911,1,0,0
39912,1,0,0
39913,1,0,0
39914,1,0,0
39915,1,0,0
39916,1,0,0
39917,1,0,0
39918,1,0,0
39919,1,0,0
39920,1,0,0
39921,1,0,0
39922,1,0,0
39923,1,0,0
39924,1,0,0
39925,1,0,0
39926,1,0,0
39927,1,0,0
39928,1,0,0
39929,1,0,0
39930,1,0,0
39931,1,0,0
39932,1,0,0
39933,1,0,0
39934,1,0,0
39935,1,0,0
39936,1,0,0
39937,1,0,0
39938,1,0,0
39939,1,0,0
39940,1,0,0
39941,1,0,0
39942,1,0,0
39943,1,0,0
39944,1,0,0
39945,1,0,0
39946,1,0,0
39947,1,0,0
39948,1,0,0
39949,1,0,0
39950,1,0,0
39951,1,0,0
39952,1,0,0
39953,1,0,0
39954,1,0,0
39955,1,0,0
39956,1,0,0
39957,1,0,0
39958,1,0,0
39959,1,0,0
39960,1,0,0
39961,1,0,0
39962,1,0,0
39963,1,0,0
39964,1,0,0
39965,1,0,0
39966,1,0,0
39967,1,0,0
39968,1,0,0
39969,1,0,0
39970,1,0,0
39971,1,0,0
39972,1,0,0
39973,1,0,0
39974,1,0,0
39975,1,0,0
39976,1,0,0
39977,1,0,0
39978,1,0,0
39979,1,0,0
39980,1,0,0
39981,1,0,0
39982,1,0,0
39983,1,0,0
39984,1,0,0
39985,1,0,0
39986,1,0,0
39987,1,0,0
39988,1,0,0
39989,1,0,0
39990,1,0,0
39991,1,0,0
39992,1,0,0
39993,1,0,0
39994,1,0,0
39995,1,0,0
39996,1,0,0
39997,1,0,0
39998,1,0,0
39999,1,0,0
40000,1,0,0
40001,1,0,0
40002,1,0,0
40003,1,0,0
40004,1,0,0
40005,1,0,0
40006,1,0,0
40007,1,0,0
40008,1,0,0
40009,1,0,0
40010,1,0,0
40011,1,0,0
40012,1,0,0
40013,1,0,0
40014,1,0,0
40015,1,0,0
40016,1,0,0
40017,1,0,0
40018,1,0,0
40019,1,0,0
40020,1,0,0
40021,1,0,0
40022,1,0,0
40023,1,0,0
40024,1,0,0
40025,1,0,0
40026,1,0,0
40027,1,0,0
40028,1,0,0
40029,1,0,0
40030,1,0,0
40031,1,0,0
40032,1,0,0
40033,1,0,0
40034,1,0,0
40035,1,0,0
40036,1,0,0
40037,1,0,0
40038,1,0,0
40039,1,0,0
40040,1,0,0
40041,1,0,0
40042,1,0,0
40043,1,0,0
40044,1,0,0
40045,1,0,0
40046,1,0,0
40047,1,0,0
40048,1,0,0
40049,1,0,0
40050,1,0,0
40051,1,0,0
40052,1,0,0
40053,1,0,0
40054,1,0,0
40055,1,0,0
40056,1,0,0
40057,1,0,0
40058,1,0,0
40059,1,0,0
40060,1,0,0
40061,1,0,0
40062,1,0,0
40063,1,0,0
40064,1,0,0
40065,1,0,0
40066,1,0,0
40067,1,0,0
40068,1,0,0
40069,1,0,0
40070,1,0,0
40071,1,0,0
40072,1,0,0
40073,1,0,0
40074,1,0,0
40075,1,0,0
40076,1,0,0
40077,1,0,0
40078,1,0,0
40079,1,0,0
40080,1,0,0
40081,1,0,0
40082,1,0,0
40083,1,0,0
40084,1,0,0
40085,1,0,0
40086,1,0,0
40087,1,0,0
40088,1,0,0
40089,1,0,0
40090,1,0,0
40091,1,0,0
40092,1,0,0
40093,1,0,0
40094,1,0,0
40095,1,0,0
40096,1,0,0
40097,1,0,0
40098,1,0,0
40099,1,0,0
40100,1,0,0
40101,1,0,0
40102,1,0,0
40103,1,0,0
40104,1,0,0
40105,1,0,0
40106,1,0,0
40107,1,0,0
40108,1,0,0
40109,1,0,0
40110,1,0,0
40111,1,0,0
40112,1,0,0
40113,1,0,0
40114,1,0,0
40115,1,0,0
40116,1,0,0
40117,1,0,0
40118,1,0,0
40119,1,0,0
40120,1,0,0
40121,1,0,0
40122,1,0,0
40123,1,0,0
40124,1,0,0
40125,1,0,0
40126,1,0,0
40127,1,0,0
40128,1,0,0
40129,1,0,0
40130,1,0,0
40131,1,0,0
40132,1,0,0
40133,1,0,0
40134,1,0,0
40135,1,0,0
40136,1,0,0
40137,1,0,0
40138,1,0,0
40139,1,0,0
40140,1,0,0
40141,1,0,0
40142,1,0,0
40143,1,0,0
40144,1,0,0
40145,1,0,0
40146,1,0,0
40147,1,0,0
40148,1,0,0
40149,1,0,0
40150,1,0,0
40151,1,0,0
40152,1,0,0
40153,1,0,0
40154,1,0,0
40155,1,0,0
40156,1,0,0
40157,1,0,0
40158,1,0,0
40159,1,0,0
40160,1,0,0
40161,1,0,0
40162,1,0,0
40163,1,0,0
40164,1,0,0
40165,1,0,0
40166,1,0,0
40167,1,0,0
40168,1,0,0
40169,1,0,0
40170,1,0,0
40171,1,0,0
40172,1,0,0
40173,1,0,0
40174,1,0,0
40175,1,0,0
40176,1,0,0
40177,1,0,0
40178,1,0,0
40179,1,0,0
40180,1,0,0
40181,1,0,0
40182,1,0,0
40183,1,0,0
40184,1,0,0
40185,1,0,0
40186,1,0,0
40187,1,0,0
40188,1,0,0
40189,1,0,0
40190,1,0,0
40191,1,0,0
40192,1,0,0
40193,1,0,0
40194,1,0,0
40195,1,0,0
40196,1,0,0
40197,1,0,0
40198,1,0,0
40199,1,0,0
40200,1,0,0
40201,1,0,0
40202,1,0,0
40203,1,0,0
40204,1,0,0
40205,1,0,0
40206,1,0,0
40207,1,0,0
40208,1,0,0
40209,1,0,0
40210,1,0,0
40211,1,0,0
40212,1,0,0
40213,1,0,0
40214,1,0,0
40215,1,0,0
40216,1,0,0
40217,1,0,0
40218,1,0,0
40219,1,0,0
40220,1,0,0
40221,1,0,0
40222,1,0,0
40223,1,0,0
40224,1,0,0
40225,1,0,0
40226,1,0,0
40227,1,0,0
40228,1,0,0
40229,1,0,0
40230,1,0,0
40231,1,0,0
40232,1,0,0
40233,1,0,0
40234,1,0,0
40235,1,0,0
40236,1,0,0
40237,1,0,0
40238,1,0,0
40239,1,0,0
40240,1,0,0
40241,1,0,0
40242,1,0,0
40243,1,0,0
40244,1,0,0
40245,1,0,0
40246,1,0,0
40247,1,0,0
40248,1,0,0
40249,1,0,0
40250,1,0,0
40251,1,0,0
40252,1,0,0
40253,1,0,0
40254,1,0,0
40255,1,0,0
40256,1,0,0
40257,1,0,0
40258,1,0,0
40259,1,0,0
40260,1,0,0
40261,1,0,0
40262,1,0,0
40263,1,0,0
40264,1,0,0
40265,1,0,0
40266,1,0,0
40267,1,0,0
40268,1,0,0
40269,1,0,0
40270,1,0,0
40271,1,0,0
40272,1,0,0
40273,1,0,0
40274,1,0,0
40275,1,0,0
40276,1,0,0
40277,1,0,0
40278,1,0,0
40279,1,0,0
40280,1,0,0
40281,1,0,0
40282,1,0,0
40283,1,0,0
40284,1,0,0
40285,1,0,0
40286,1,0,0
40287,1,0,0
40288,1,0,0
40289,1,0,0
40290,1,0,0
40291,1,0,0
40292,1,0,0
40293,1,0,0
40294,1,0,0
40295,1,0,0
40296,1,0,0
40297,1,0,0
40298,1,0,0
40299,1,0,0
40300,1,0,0
40301,1,0,0
40302,1,0,0
40303,1,0,0
40304,1,0,0
40305,1,0,0
40306,1,0,0
40307,1,0,0
40308,1,0,0
40309,1,0,0
40310,1,0,0
40311,1,0,0
40312,1,0,0
40313,1,0,0
40314,1,0,0
40315,1,0,0
40316,1,0,0
40317,1,0,0
40318,1,0,0
40319,1,0,0
40320,1,0,0
40321,1,0,0
40322,1,0,0
40323,1,0,0
40324,1,0,0
40325,1,0,0
40326,1,0,0
40327,1,0,0
40328,1,0,0
40329,1,0,0
40330,1,0,0
40331,1,0,0
40332,1,0,0
40333,1,0,0
40334,1,0,0
40335,1,0,0
40336,1,0,0
40337,1,0,0
40338,1,0,0
40339,1,0,0
40340,1,0,0
40341,1,0,0
40342,1,0,0
40343,1,0,0
40344,1,0,0
40345,1,0,0
40346,1,0,0
40347,1,0,0
40348,1,0,0
40349,1,0,0
40350,1,0,0
40351,1,0,0
40352,1,0,0
40353,1,0,0
40354,1,0,0
40355,1,0,0
40356,1,0,0
40357,1,0,0
40358,1,0,0
40359,1,0,0
40360,1,0,0
40361,1,0,0
40362,1,0,0
40363,1,0,0
40364,1,0,0
40365,1,0,0
40366,1,0,0
40367,1,0,0
40368,1,0,0
40369,1,0,0
40370,1,0,0
40371,1,0,0
40372,1,0,0
40373,1,0,0
40374,1,0,0
40375,1,0,0
40376,1,0,0
40377,1,0,0
40378,1,0,0
40379,1,0,0
40380,1,0,0
40381,1,0,0
40382,1,0,0
40383,1,0,0
40384,1,0,0
40385,1,0,0
40386,1,0,0
40387,1,0,0
40388,1,0,0
40389,1,0,0
40390,1,0,0
40391,1,0,0
40392,1,0,0
40393,1,0,0
40394,1,0,0
40395,1,0,0
40396,1,0,0
40397,1,0,0
40398,1,0,0
40399,1,0,0
40400,1,0,0
40401,1,0,0
40402,1,0,0
40403,1,0,0
40404,1,0,0
40405,1,0,0
40406,1,0,0
40407,1,0,0
40408,1,0,0
40409,1,0,0
40410,1,0,0
40411,1,0,0
40412,1,0,0
40413,0,1,0
40414,0,1,0
40415,0,1,0
40416,0,1,0
40417,0,1,0
40418,0,1,0
40419,0,1,0
40420,0,1,0
40421,0,1,0
40422,0,1,0
40423,0,1,0
40424,0,1,0
40425,0,1,0
40426,1,0,0
40427,1,0,0
40428,1,0,0
40429,1,0,0
40430,1,0,0
40431,1,0,0
40432,1,0,0
40433,1,0,0
40434,1,0,0
40435,1,0,0
40436,1,0,0
40437,1,0,0
40438,1,0,0
40439,1,0,0
40440,1,0,0
40441,1,0,0
40442,1,0,0
40443,1,0,0
40444,1,0,0
40445,1,0,0
40446,1,0,0
40447,1,0,0
40448,1,0,0
40449,1,0,0
40450,1,0,0
40451,1,0,0
40452,1,0,0
40453,1,0,0
40454,1,0,0
40455,1,0,0
40456,1,0,0
40457,1,0,0
40458,1,0,0
40459,1,0,0
40460,1,0,0
40461,1,0,0
40462,1,0,0
40463,1,0,0
40464,1,0,0
40465,1,0,0
40466,1,0,0
40467,1,0,0
40468,1,0,0
40469,1,0,0
40470,1,0,0
40471,1,0,0
40472,1,0,0
40473,1,0,0
40474,1,0,0
40475,1,0,0
40476,1,0,0
40477,1,0,0
40478,1,0,0
40479,1,0,0
40480,1,0,0
40481,1,0,0
40482,1,0,0
40483,1,0,0
40484,1,0,0
40485,1,0,0
40486,1,0,0
40487,1,0,0
40488,1,0,0
40489,1,0,0
40490,1,0,0
40491,1,0,0
40492,1,0,0
40493,1,0,0
40494,1,0,0
40495,1,0,0
40496,1,0,0
40497,1,0,0
40498,1,0,0
40499,1,0,0
40500,1,0,0
40501,1,0,0
40502,1,0,0
40503,1,0,0
40504,1,0,0
40505,1,0,0
40506,1,0,0
40507,1,0,0
40508,1,0,0
40509,1,0,0
40510,1,0,0
40511,1,0,0
40512,1,0,0
40513,1,0,0
40514,1,0,0
40515,1,0,0
40516,1,0,0
40517,1,0,0
40518,1,0,0
40519,1,0,0
40520,1,0,0
40521,1,0,0
40522,1,0,0
40523,1,0,0
40524,1,0,0
40525,1,0,0
40526,1,0,0
40527,1,0,0
40528,1,0,0
40529,1,0,0
40530,1,0,0
40531,1,0,0
40532,1,0,0
40533,1,0,0
40534,1,0,0
40535,1,0,0
40536,1,0,0
40537,1,0,0
40538,1,0,0
40539,1,0,0
40540,1,0,0
40541,1,0,0
40542,1,0,0
40543,1,0,0
40544,1,0,0
40545,1,0,0
40546,1,0,0
40547,1,0,0
40548,1,0,0
40549,1,0,0
40550,1,0,0
40551,1,0,0
40552,1,0,0
40553,1,0,0
40554,1,0,0
40555,1,0,0
40556,1,0,0
40557,1,0,0
40558,1,0,0
40559,1,0,0
40560,1,0,0
40561,1,0,0
40562,1,0,0
40563,1,0,0
40564,1,0,0
40565,1,0,0
40566,1,0,0
40567,1,0,0
40568,1,0,0
40569,1,0,0
40570,1,0,0
40571,1,0,0
40572,1,0,0
40573,1,0,0
40574,1,0,0
40575,1,0,0
40576,1,0,0
40577,1,0,0
40578,1,0,0
40579,1,0,0
40580,1,0,0
40581,1,0,0
40582,1,0,0
40583,1,0,0
40584,1,0,0
40585,1,0,0
40586,1,0,0
40587,1,0,0
40588,1,0,0
40589,1,0,0
40590,1,0,0
40591,1,0,0
40592,1,0,0
40593,1,0,0
40594,1,0,0
40595,1,0,0
40596,1,0,0
40597,1,0,0
40598,1,0,0
40599,1,0,0
40600,1,0,0
40601,1,0,0
40602,1,0,0
40603,1,0,0
40604,1,0,0
40605,1,0,0
40606,1,0,0
40607,1,0,0
40608,1,0,0
40609,1,0,0
40610,1,0,0
40611,1,0,0
40612,1,0,0
40613,1,0,0
40614,1,0,0
40615,1,0,0
40616,1,0,0
40617,1,0,0
40618,1,0,0
40619,1,0,0
40620,1,0,0
40621,1,0,0
40622,1,0,0
40623,1,0,0
40624,1,0,0
40625,1,0,0
40626,1,0,0
40627,1,0,0
40628,1,0,0
40629,1,0,0
40630,1,0,0
40631,1,0,0
40632,1,0,0
40633,1,0,0
40634,1,0,0
40635,1,0,0
40636,1,0,0
40637,1,0,0
40638,1,0,0
40639,1,0,0
40640,1,0,0
40641,1,0,0
40642,1,0,0
40643,1,0,0
40644,1,0,0
40645,1,0,0
40646,1,0,0
40647,1,0,0
40648,1,0,0
40649,1,0,0
40650,1,0,0
40651,1,0,0
40652,1,0,0
40653,1,0,0
40654,1,0,0
40655,1,0,0
40656,1,0,0
40657,1,0,0
40658,1,0,0
40659,1,0,0
40660,1,0,0
40661,1,0,0
40662,1,0,0
40663,1,0,0
40664,1,0,0
40665,1,0,0
40666,1,0,0
40667,1,0,0
40668,1,0,0
40669,1,0,0
40670,1,0,0
40671,1,0,0
40672,1,0,0
40673,1,0,0
40674,1,0,0
40675,1,0,0
40676,1,0,0
40677,1,0,0
40678,1,0,0
40679,1,0,0
40680,1,0,0
40681,1,0,0
40682,1,0,0
40683,1,0,0
40684,1,0,0
40685,1,0,0
40686,1,0,0
40687,1,0,0
40688,1,0,0
40689,1,0,0
40690,1,0,0
40691,1,0,0
40692,1,0,0
40693,1,0,0
40694,1,0,0
40695,1,0,0
40696,1,0,0
40697,1,0,0
40698,1,0,0
40699,1,0,0
40700,1,0,0
40701,1,0,0
40702,1,0,0
40703,1,0,0
40704,1,0,0
40705,1,0,0
40706,1,0,0
40707,1,0,0
40708,1,0,0
40709,1,0,0
40710,1,0,0
40711,1,0,0
40712,1,0,0
40713,1,0,0
40714,1,0,0
40715,1,0,0
40716,1,0,0
40717,1,0,0
40718,1,0,0
40719,1,0,0
40720,1,0,0
40721,1,0,0
40722,1,0,0
40723,1,0,0
40724,1,0,0
40725,1,0,0
40726,1,0,0
40727,1,0,0
40728,1,0,0
40729,1,0,0
40730,1,0,0
40731,1,0,0
40732,1,0,0
40733,1,0,0
40734,1,0,0
40735,1,0,0
40736,1,0,0
40737,1,0,0
40738,1,0,0
40739,1,0,0
40740,1,0,0
40741,1,0,0
40742,1,0,0
40743,1,0,0
40744,1,0,0
40745,1,0,0
40746,1,0,0
40747,1,0,0
40748,1,0,0
40749,1,0,0
40750,1,0,0
40751,1,0,0
40752,1,0,0
40753,1,0,0
40754,1,0,0
40755,1,0,0
40756,1,0,0
40757,1,0,0
40758,1,0,0
40759,1,0,0
40760,1,0,0
40761,1,0,0
40762,1,0,0
40763,1,0,0
40764,1,0,0
40765,1,0,0
40766,1,0,0
40767,1,0,0
40768,1,0,0
40769,1,0,0
40770,1,0,0
40771,1,0,0
40772,1,0,0
40773,1,0,0
40774,1,0,0
40775,1,0,0
40776,1,0,0
40777,1,0,0
40778,1,0,0
40779,1,0,0
40780,1,0,0
40781,1,0,0
40782,1,0,0
40783,1,0,0
40784,1,0,0
40785,1,0,0
40786,1,0,0
40787,1,0,0
40788,1,0,0
40789,1,0,0
40790,1,0,0
40791,1,0,0
40792,1,0,0
40793,1,0,0
40794,1,0,0
40795,1,0,0
40796,1,0,0
40797,1,0,0
40798,1,0,0
40799,1,0,0
40800,1,0,0
40801,1,0,0
40802,1,0,0
40803,1,0,0
40804,1,0,0
40805,1,0,0
40806,1,0,0
40807,1,0,0
40808,1,0,0
40809,1,0,0
40810,1,0,0
40811,1,0,0
40812,1,0,0
40813,1,0,0
40814,1,0,0
40815,1,0,0
40816,1,0,0
40817,1,0,0
40818,1,0,0
40819,1,0,0
40820,1,0,0
40821,1,0,0
40822,1,0,0
40823,1,0,0
40824,1,0,0
40825,1,0,0
40826,1,0,0
40827,1,0,0
40828,1,0,0
40829,1,0,0
40830,1,0,0
40831,1,0,0
40832,1,0,0
40833,1,0,0
40834,1,0,0
40835,1,0,0
40836,1,0,0
40837,1,0,0
40838,1,0,0
40839,1,0,0
40840,1,0,0
40841,1,0,0
40842,1,0,0
40843,1,0,0
40844,1,0,0
40845,1,0,0
40846,1,0,0
40847,1,0,0
40848,1,0,0
40849,1,0,0
40850,1,0,0
40851,1,0,0
40852,1,0,0
40853,1,0,0
40854,1,0,0
40855,1,0,0
40856,1,0,0
40857,1,0,0
40858,1,0,0
40859,1,0,0
40860,1,0,0
40861,1,0,0
40862,1,0,0
40863,1,0,0
40864,1,0,0
40865,1,0,0
40866,1,0,0
40867,1,0,0
40868,1,0,0
40869,1,0,0
40870,1,0,0
40871,1,0,0
40872,1,0,0
40873,1,0,0
40874,1,0,0
40875,1,0,0
40876,1,0,0
40877,1,0,0
40878,1,0,0
40879,1,0,0
40880,1,0,0
40881,1,0,0
40882,1,0,0
40883,1,0,0
40884,1,0,0
40885,1,0,0
40886,1,0,0
40887,1,0,0
40888,1,0,0
40889,1,0,0
40890,1,0,0
40891,1,0,0
40892,1,0,0
40893,1,0,0
40894,1,0,0
40895,1,0,0
40896,1,0,0
40897,1,0,0
40898,1,0,0
40899,1,0,0
40900,1,0,0
40901,1,0,0
40902,1,0,0
40903,1,0,0
40904,1,0,0
40905,1,0,0
40906,1,0,0
40907,1,0,0
40908,1,0,0
40909,1,0,0
40910,1,0,0
40911,1,0,0
40912,1,0,0
40913,1,0,0
40914,1,0,0
40915,1,0,0
40916,1,0,0
40917,1,0,0
40918,1,0,0
40919,1,0,0
40920,1,0,0
40921,1,0,0
40922,1,0,0
40923,1,0,0
40924,1,0,0
40925,1,0,0
40926,1,0,0
40927,1,0,0
40928,1,0,0
40929,1,0,0
40930,1,0,0
40931,1,0,0
40932,1,0,0
40933,1,0,0
40934,1,0,0
40935,1,0,0
40936,1,0,0
40937,1,0,0
40938,1,0,0
40939,1,0,0
40940,1,0,0
40941,1,0,0
40942,1,0,0
40943,1,0,0
40944,1,0,0
40945,1,0,0
40946,1,0,0
40947,1,0,0
40948,1,0,0
40949,1,0,0
40950,1,0,0
40951,1,0,0
40952,1,0,0
40953,1,0,0
40954,1,0,0
40955,1,0,0
40956,1,0,0
40957,1,0,0
40958,1,0,0
40959,1,0,0
40960,1,0,0
40961,1,0,0
40962,1,0,0
40963,1,0,0
40964,1,0,0
40965,1,0,0
40966,1,0,0
40967,1,0,0
40968,1,0,0
40969,1,0,0
40970,1,0,0
40971,1,0,0
40972,1,0,0
40973,1,0,0
40974,1,0,0
40975,1,0,0
40976,1,0,0
40977,1,0,0
40978,1,0,0
40979,1,0,0
40980,1,0,0
40981,1,0,0
40982,1,0,0
40983,1,0,0
40984,1,0,0
40985,1,0,0
40986,1,0,0
40987,1,0,0
40988,1,0,0
40989,1,0,0
40990,1,0,0
40991,1,0,0
40992,1,0,0
40993,1,0,0
40994,1,0,0
40995,1,0,0
40996,1,0,0
40997,1,0,0
40998,1,0,0
40999,1,0,0
41000,1,0,0
41001,1,0,0
41002,1,0,0
41003,1,0,0
41004,1,0,0
41005,1,0,0
41006,1,0,0
41007,1,0,0
41008,1,0,0
41009,1,0,0
41010,1,0,0
41011,1,0,0
41012,1,0,0
41013,1,0,0
41014,1,0,0
41015,1,0,0
41016,1,0,0
41017,1,0,0
41018,1,0,0
41019,1,0,0
41020,1,0,0
41021,1,0,0
41022,1,0,0
41023,1,0,0
41024,1,0,0
41025,1,0,0
41026,1,0,0
41027,1,0,0
41028,1,0,0
41029,1,0,0
41030,1,0,0
41031,1,0,0
41032,1,0,0
41033,1,0,0
41034,1,0,0
41035,1,0,0
41036,1,0,0
41037,1,0,0
41038,1,0,0
41039,1,0,0
41040,1,0,0
41041,1,0,0
41042,1,0,0
41043,1,0,0
41044,1,0,0
41045,1,0,0
41046,1,0,0
41047,1,0,0
41048,1,0,0
41049,1,0,0
41050,1,0,0
41051,1,0,0
41052,1,0,0
41053,1,0,0
41054,1,0,0
41055,1,0,0
41056,1,0,0
41057,1,0,0
41058,1,0,0
41059,1,0,0
41060,1,0,0
41061,1,0,0
41062,1,0,0
41063,1,0,0
41064,1,0,0
41065,1,0,0
41066,1,0,0
41067,1,0,0
41068,1,0,0
41069,1,0,0
41070,1,0,0
41071,1,0,0
41072,1,0,0
41073,1,0,0
41074,1,0,0
41075,1,0,0
41076,1,0,0
41077,1,0,0
41078,1,0,0
41079,1,0,0
41080,1,0,0
41081,1,0,0
41082,1,0,0
41083,1,0,0
41084,1,0,0
41085,1,0,0
41086,1,0,0
41087,1,0,0
41088,1,0,0
41089,1,0,0
41090,1,0,0
41091,1,0,0
41092,1,0,0
41093,1,0,0
41094,1,0,0
41095,1,0,0
41096,1,0,0
41097,1,0,0
41098,1,0,0
41099,1,0,0
41100,1,0,0
41101,1,0,0
41102,1,0,0
41103,1,0,0
41104,1,0,0
41105,1,0,0
41106,1,0,0
41107,1,0,0
41108,1,0,0
41109,1,0,0
41110,1,0,0
41111,1,0,0
41112,1,0,0
41113,1,0,0
41114,1,0,0
41115,1,0,0
41116,0,0,1
41117,0,0,1
41118,0,0,1
41119,0,0,1
41120,0,0,1
41121,0,0,1
41122,0,0,1
41123,0,0,1
41124,0,0,1
41125,0,0,1
41126,0,0,1
41127,0,0,1
41128,0,0,1
41129,0,0,1
41130,0,0,1
41131,0,0,1
41132,0,0,1
41133,0,0,1
41134,0,0,1
41135,0,0,1
41136,0,0,1
41137,0,0,1
41138,0,0,1
41139,0,0,1
41140,0,0,1
41141,0,0,1
41142,0,0,1
41143,0,0,1
41144,0,0,1
41145,0,0,1
41146,0,0,1
41147,0,0,1
41148,0,0,1
41149,0,0,1
41150,0,0,1
41151,0,0,1
41152,0,0,1
41153,0,0,1
41154,0,0,1
41155,0,0,1
41156,0,0,1
41157,0,0,1
41158,0,0,1
41159,0,0,1
41160,0,0,1
41161,0,0,1
41162,0,0,1
41163,0,0,1
41164,0,0,1
41165,0,0,1
41166,0,0,1
41167,0,0,1
41168,0,0,1
41169,0,0,1
41170,0,0,1
41171,0,0,1
41172,0,0,1
41173,0,0,1
41174,0,0,1
41175,1,0,0
41176,1,0,0
41177,1,0,0
41178,1,0,0
41179,1,0,0
41180,1,0,0
41181,1,0,0
41182,1,0,0
41183,1,0,0
41184,1,0,0
41185,1,0,0
41186,1,0,0
41187,1,0,0
41188,1,0,0
41189,1,0,0
41190,1,0,0
41191,1,0,0
41192,1,0,0
41193,1,0,0
41194,1,0,0
41195,1,0,0
41196,1,0,0
41197,1,0,0
41198,1,0,0
41199,1,0,0
41200,1,0,0
41201,1,0,0
41202,1,0,0
41203,1,0,0
41204,1,0,0
41205,1,0,0
41206,1,0,0
41207,1,0,0
41208,1,0,0
41209,1,0,0
41210,1,0,0
41211,1,0,0
41212,1,0,0
41213,1,0,0
41214,1,0,0
41215,1,0,0
41216,1,0,0
41217,1,0,0
41218,1,0,0
41219,1,0,0
41220,1,0,0
41221,1,0,0
41222,1,0,0
41223,1,0,0
41224,1,0,0
41225,1,0,0
41226,1,0,0
41227,1,0,0
41228,1,0,0
41229,1,0,0
41230,1,0,0
41231,1,0,0
41232,1,0,0
41233,1,0,0
41234,1,0,0
41235,1,0,0
41236,1,0,0
41237,1,0,0
41238,1,0,0
41239,1,0,0
41240,1,0,0
41241,1,0,0
41242,1,0,0
41243,1,0,0
41244,1,0,0
41245,1,0,0
41246,1,0,0
41247,1,0,0
41248,1,0,0
41249,1,0,0
41250,1,0,0
41251,1,0,0
41252,1,0,0
41253,1,0,0
41254,1,0,0
41255,1,0,0
41256,1,0,0
41257,1,0,0
41258,1,0,0
41259,1,0,0
41260,1,0,0
41261,1,0,0
41262,1,0,0
41263,1,0,0
41264,1,0,0
41265,1,0,0
41266,1,0,0
41267,1,0,0
41268,1,0,0
41269,1,0,0
41270,1,0,0
41271,1,0,0
41272,1,0,0
41273,1,0,0
41274,1,0,0
41275,1,0,0
41276,1,0,0
41277,1,0,0
41278,1,0,0
41279,1,0,0
41280,1,0,0
41281,1,0,0
41282,1,0,0
41283,1,0,0
41284,1,0,0
41285,1,0,0
41286,1,0,0
41287,1,0,0
41288,1,0,0
41289,1,0,0
41290,1,0,0
41291,1,0,0
41292,1,0,0
41293,1,0,0
41294,1,0,0
41295,1,0,0
41296,1,0,0
41297,1,0,0
41298,1,0,0
41299,1,0,0
41300,1,0,0
41301,1,0,0
41302,1,0,0
41303,1,0,0
41304,1,0,0
41305,1,0,0
41306,1,0,0
41307,1,0,0
41308,1,0,0
41309,1,0,0
41310,1,0,0
41311,1,0,0
41312,1,0,0
41313,1,0,0
41314,1,0,0
41315,1,0,0
41316,1,0,0
41317,1,0,0
41318,1,0,0
41319,1,0,0
41320,1,0,0
41321,1,0,0
41322,1,0,0
41323,1,0,0
41324,1,0,0
41325,1,0,0
41326,1,0,0
41327,1,0,0
41328,1,0,0
41329,1,0,0
41330,1,0,0
41331,1,0,0
41332,1,0,0
41333,1,0,0
41334,1,0,0
41335,1,0,0
41336,1,0,0
41337,1,0,0
41338,1,0,0
41339,1,0,0
41340,1,0,0
41341,1,0,0
41342,1,0,0
41343,1,0,0
41344,1,0,0
41345,1,0,0
41346,1,0,0
41347,1,0,0
41348,1,0,0
41349,1,0,0
41350,1,0,0
41351,1,0,0
41352,1,0,0
41353,1,0,0
41354,1,0,0
41355,1,0,0
41356,1,0,0
41357,1,0,0
41358,1,0,0
41359,1,0,0
41360,1,0,0
41361,1,0,0
41362,1,0,0
41363,1,0,0
41364,1,0,0
41365,1,0,0
41366,1,0,0
41367,1,0,0
41368,1,0,0
41369,1,0,0
41370,1,0,0
41371,1,0,0
41372,1,0,0
41373,1,0,0
41374,1,0,0
41375,1,0,0
41376,1,0,0
41377,1,0,0
41378,1,0,0
41379,1,0,0
41380,1,0,0
41381,1,0,0
41382,1,0,0
41383,1,0,0
41384,1,0,0
41385,1,0,0
41386,1,0,0
41387,1,0,0
41388,1,0,0
41389,1,0,0
41390,1,0,0
41391,1,0,0
41392,1,0,0
41393,1,0,0
41394,1,0,0
41395,1,0,0
41396,1,0,0
41397,1,0,0
41398,1,0,0
41399,1,0,0
41400,1,0,0
41401,1,0,0
41402,1,0,0
41403,1,0,0
41404,1,0,0
41405,1,0,0
41406,1,0,0
41407,1,0,0
41408,1,0,0
41409,1,0,0
41410,1,0,0
41411,1,0,0
41412,1,0,0
41413,1,0,0
41414,1,0,0
41415,1,0,0
41416,1,0,0
41417,1,0,0
41418,1,0,0
41419,1,0,0
41420,1,0,0
41421,1,0,0
41422,1,0,0
41423,1,0,0
41424,1,0,0
41425,1,0,0
41426,1,0,0
41427,1,0,0
41428,1,0,0
41429,1,0,0
41430,1,0,0
41431,1,0,0
41432,1,0,0
41433,1,0,0
41434,1,0,0
41435,1,0,0
41436,1,0,0
41437,1,0,0
41438,1,0,0
41439,1,0,0
41440,1,0,0
41441,1,0,0
41442,1,0,0
41443,1,0,0
41444,1,0,0
41445,1,0,0
41446,1,0,0
41447,1,0,0
41448,1,0,0
41449,1,0,0
41450,1,0,0
41451,1,0,0
41452,1,0,0
41453,1,0,0
41454,1,0,0
41455,1,0,0
41456,1,0,0
41457,1,0,0
41458,1,0,0
41459,1,0,0
41460,1,0,0
41461,1,0,0
41462,1,0,0
41463,1,0,0
41464,1,0,0
41465,1,0,0
41466,1,0,0
41467,1,0,0
41468,1,0,0
41469,1,0,0
41470,1,0,0
41471,1,0,0
41472,1,0,0
41473,1,0,0
41474,1,0,0
41475,1,0,0
41476,1,0,0
41477,1,0,0
41478,1,0,0
41479,1,0,0
41480,1,0,0
41481,1,0,0
41482,1,0,0
41483,1,0,0
41484,1,0,0
41485,1,0,0
41486,1,0,0
41487,1,0,0
41488,1,0,0
41489,1,0,0
41490,1,0,0
41491,1,0,0
41492,1,0,0
41493,1,0,0
41494,1,0,0
41495,1,0,0
41496,1,0,0
41497,1,0,0
41498,1,0,0
41499,1,0,0
41500,1,0,0
41501,1,0,0
41502,1,0,0
41503,1,0,0
41504,1,0,0
41505,1,0,0
41506,1,0,0
41507,1,0,0
41508,1,0,0
41509,1,0,0
41510,1,0,0
41511,1,0,0
41512,1,0,0
41513,1,0,0
41514,1,0,0
41515,1,0,0
41516,1,0,0
41517,1,0,0
41518,1,0,0
41519,1,0,0
41520,1,0,0
41521,1,0,0
41522,1,0,0
41523,1,0,0
41524,1,0,0
41525,1,0,0
41526,1,0,0
41527,1,0,0
41528,1,0,0
41529,1,0,0
41530,1,0,0
41531,1,0,0
41532,1,0,0
41533,1,0,0
41534,1,0,0
41535,1,0,0
41536,1,0,0
41537,1,0,0
41538,1,0,0
41539,1,0,0
41540,1,0,0
41541,1,0,0
41542,1,0,0
41543,1,0,0
41544,1,0,0
41545,1,0,0
41546,1,0,0
41547,1,0,0
41548,1,0,0
41549,1,0,0
41550,1,0,0
41551,1,0,0
41552,1,0,0
41553,1,0,0
41554,1,0,0
41555,1,0,0
41556,1,0,0
41557,1,0,0
41558,1,0,0
41559,1,0,0
41560,1,0,0
41561,1,0,0
41562,1,0,0
41563,1,0,0
41564,1,0,0
41565,1,0,0
41566,1,0,0
41567,1,0,0
41568,1,0,0
41569,1,0,0
41570,1,0,0
41571,1,0,0
41572,1,0,0
41573,1,0,0
41574,1,0,0
41575,1,0,0
41576,1,0,0
41577,1,0,0
41578,1,0,0
41579,1,0,0
41580,1,0,0
41581,1,0,0
41582,1,0,0
41583,1,0,0
41584,1,0,0
41585,1,0,0
41586,1,0,0
41587,1,0,0
41588,1,0,0
41589,1,0,0
41590,1,0,0
41591,1,0,0
41592,1,0,0
41593,1,0,0
41594,1,0,0
41595,1,0,0
41596,1,0,0
41597,1,0,0
41598,1,0,0
41599,1,0,0
41600,1,0,0
41601,1,0,0
41602,1,0,0
41603,1,0,0
41604,1,0,0
41605,1,0,0
41606,1,0,0
41607,1,0,0
41608,1,0,0
41609,1,0,0
41610,1,0,0
41611,1,0,0
41612,1,0,0
41613,1,0,0
41614,1,0,0
41615,1,0,0
41616,1,0,0
41617,1,0,0
41618,1,0,0
41619,1,0,0
41620,1,0,0
41621,1,0,0
41622,1,0,0
41623,1,0,0
41624,1,0,0
41625,1,0,0
41626,1,0,0
41627,1,0,0
41628,1,0,0
41629,1,0,0
41630,1,0,0
41631,1,0,0
41632,1,0,0
41633,1,0,0
41634,1,0,0
41635,1,0,0
41636,1,0,0
41637,1,0,0
41638,1,0,0
41639,1,0,0
41640,1,0,0
41641,1,0,0
41642,1,0,0
41643,1,0,0
41644,1,0,0
41645,1,0,0
41646,1,0,0
41647,1,0,0
41648,1,0,0
41649,1,0,0
41650,1,0,0
41651,1,0,0
41652,1,0,0
41653,1,0,0
41654,1,0,0
41655,1,0,0
41656,1,0,0
41657,1,0,0
41658,1,0,0
41659,1,0,0
41660,1,0,0
41661,1,0,0
41662,1,0,0
41663,1,0,0
41664,1,0,0
41665,1,0,0
41666,1,0,0
41667,1,0,0
41668,1,0,0
41669,1,0,0
41670,1,0,0
41671,1,0,0
41672,1,0,0
41673,1,0,0
41674,1,0,0
41675,1,0,0
41676,1,0,0
41677,1,0,0
41678,1,0,0
41679,1,0,0
41680,1,0,0
41681,1,0,0
41682,1,0,0
41683,1,0,0
41684,1,0,0
41685,1,0,0
41686,1,0,0
41687,1,0,0
41688,1,0,0
41689,1,0,0
41690,1,0,0
41691,1,0,0
41692,1,0,0
41693,1,0,0
41694,1,0,0
41695,1,0,0
41696,1,0,0
41697,1,0,0
41698,1,0,0
41699,1,0,0
41700,1,0,0
41701,1,0,0
41702,1,0,0
41703,1,0,0
41704,1,0,0
41705,1,0,0
41706,1,0,0
41707,1,0,0
41708,1,0,0
41709,1,0,0
41710,1,0,0
41711,1,0,0
41712,1,0,0
41713,1,0,0
41714,1,0,0
41715,1,0,0
41716,1,0,0
41717,1,0,0
41718,1,0,0
41719,1,0,0
41720,1,0,0
41721,1,0,0
41722,1,0,0
41723,1,0,0
41724,1,0,0
41725,1,0,0
41726,1,0,0
41727,1,0,0
41728,1,0,0
41729,1,0,0
41730,1,0,0
41731,1,0,0
41732,1,0,0
41733,1,0,0
41734,1,0,0
41735,1,0,0
41736,1,0,0
41737,1,0,0
41738,1,0,0
41739,1,0,0
41740,1,0,0
41741,1,0,0
41742,1,0,0
41743,1,0,0
41744,1,0,0
41745,1,0,0
41746,1,0,0
41747,1,0,0
41748,1,0,0
41749,1,0,0
41750,1,0,0
41751,1,0,0
41752,1,0,0
41753,1,0,0
41754,1,0,0
41755,1,0,0
41756,1,0,0
41757,1,0,0
41758,1,0,0
41759,1,0,0
41760,1,0,0
41761,1,0,0
41762,1,0,0
41763,1,0,0
41764,1,0,0
41765,1,0,0
41766,1,0,0
41767,1,0,0
41768,1,0,0
41769,1,0,0
41770,1,0,0
41771,1,0,0
41772,1,0,0
41773,1,0,0
41774,1,0,0
41775,1,0,0
41776,1,0,0
41777,1,0,0
41778,1,0,0
41779,1,0,0
41780,1,0,0
41781,1,0,0
41782,1,0,0
41783,1,0,0
41784,1,0,0
41785,1,0,0
41786,1,0,0
41787,1,0,0
41788,1,0,0
41789,1,0,0
41790,1,0,0
41791,1,0,0
41792,1,0,0
41793,1,0,0
41794,1,0,0
41795,1,0,0
41796,1,0,0
41797,1,0,0
41798,1,0,0
41799,1,0,0
41800,1,0,0
41801,1,0,0
41802,1,0,0
41803,1,0,0
41804,1,0,0
41805,1,0,0
41806,1,0,0
41807,1,0,0
41808,1,0,0
41809,1,0,0
41810,1,0,0
41811,1,0,0
41812,1,0,0
41813,1,0,0
41814,1,0,0
41815,1,0,0
41816,1,0,0
41817,1,0,0
41818,1,0,0
41819,1,0,0
41820,1,0,0
41821,1,0,0
41822,1,0,0
41823,1,0,0
41824,1,0,0
41825,1,0,0
41826,1,0,0
41827,1,0,0
41828,1,0,0
41829,1,0,0
41830,1,0,0
41831,1,0,0
41832,1,0,0
41833,1,0,0
41834,1,0,0
41835,1,0,0
41836,1,0,0
41837,1,0,0
41838,1,0,0
41839,1,0,0
41840,1,0,0
41841,1,0,0
41842,1,0,0
41843,1,0,0
41844,1,0,0
41845,1,0,0
41846,1,0,0
41847,1,0,0
41848,1,0,0
41849,1,0,0
41850,1,0,0
41851,1,0,0
41852,1,0,0
41853,1,0,0
41854,1,0,0
41855,1,0,0
41856,1,0,0
41857,1,0,0
41858,1,0,0
41859,1,0,0
41860,1,0,0
41861,1,0,0
41862,1,0,0
41863,1,0,0
41864,1,0,0
41865,1,0,0
41866,1,0,0
41867,1,0,0
41868,1,0,0
41869,1,0,0
41870,1,0,0
41871,1,0,0
41872,1,0,0
41873,1,0,0
41874,1,0,0
41875,1,0,0
41876,1,0,0
41877,1,0,0
41878,1,0,0
41879,1,0,0
41880,1,0,0
41881,1,0,0
41882,1,0,0
41883,1,0,0
41884,1,0,0
41885,1,0,0
41886,1,0,0
41887,1,0,0
41888,1,0,0
41889,1,0,0
41890,1,0,0
41891,1,0,0
41892,1,0,0
41893,1,0,0
41894,1,0,0
41895,1,0,0
41896,1,0,0
41897,1,0,0
41898,1,0,0
41899,1,0,0
41900,1,0,0
41901,1,0,0
41902,1,0,0
41903,1,0,0
41904,1,0,0
41905,1,0,0
41906,1,0,0
41907,1,0,0
41908,1,0,0
41909,1,0,0
41910,1,0,0
41911,1,0,0
41912,1,0,0
41913,1,0,0
41914,1,0,0
41915,1,0,0
41916,1,0,0
41917,1,0,0
41918,1,0,0
41919,1,0,0
41920,1,0,0
41921,1,0,0
41922,1,0,0
41923,1,0,0
41924,1,0,0
41925,1,0,0
41926,1,0,0
41927,1,0,0
41928,1,0,0
41929,1,0,0
41930,1,0,0
41931,1,0,0
41932,1,0,0
41933,1,0,0
41934,1,0,0
41935,1,0,0
41936,1,0,0
41937,1,0,0
41938,1,0,0
41939,1,0,0
41940,1,0,0
41941,1,0,0
41942,1,0,0
41943,1,0,0
41944,1,0,0
41945,1,0,0
41946,1,0,0
41947,1,0,0
41948,1,0,0
41949,1,0,0
41950,1,0,0
41951,1,0,0
41952,1,0,0
41953,1,0,0
41954,1,0,0
41955,1,0,0
41956,1,0,0
41957,1,0,0
41958,1,0,0
41959,1,0,0
41960,1,0,0
41961,1,0,0
41962,1,0,0
41963,1,0,0
41964,1,0,0
41965,1,0,0
41966,1,0,0
41967,1,0,0
41968,1,0,0
41969,1,0,0
41970,1,0,0
41971,1,0,0
41972,1,0,0
41973,1,0,0
41974,1,0,0
41975,1,0,0
41976,1,0,0
41977,1,0,0
41978,1,0,0
41979,1,0,0
41980,1,0,0
41981,1,0,0
41982,1,0,0
41983,1,0,0
41984,1,0,0
41985,1,0,0
41986,1,0,0
41987,1,0,0
41988,1,0,0
41989,1,0,0
41990,1,0,0
41991,1,0,0
41992,1,0,0
41993,1,0,0
41994,1,0,0
41995,1,0,0
41996,1,0,0
41997,1,0,0
41998,1,0,0
41999,1,0,0
42000,1,0,0
42001,1,0,0
42002,1,0,0
42003,1,0,0
42004,1,0,0
42005,1,0,0
42006,1,0,0
42007,1,0,0
42008,1,0,0
42009,1,0,0
42010,1,0,0
42011,1,0,0
42012,1,0,0
42013,1,0,0
42014,1,0,0
42015,1,0,0
42016,1,0,0
42017,1,0,0
42018,1,0,0
42019,1,0,0
42020,1,0,0
42021,1,0,0
42022,1,0,0
42023,1,0,0
42024,1,0,0
42025,1,0,0
42026,1,0,0
42027,1,0,0
42028,1,0,0
42029,1,0,0
42030,1,0,0
42031,1,0,0
42032,1,0,0
42033,1,0,0
42034,1,0,0
42035,1,0,0
42036,1,0,0
42037,1,0,0
42038,1,0,0
42039,1,0,0
42040,1,0,0
42041,1,0,0
42042,1,0,0
42043,1,0,0
42044,1,0,0
42045,1,0,0
42046,1,0,0
42047,1,0,0
42048,1,0,0
42049,1,0,0
42050,1,0,0
42051,1,0,0
42052,1,0,0
42053,1,0,0
42054,1,0,0
42055,1,0,0
42056,1,0,0
42057,1,0,0
42058,1,0,0
42059,1,0,0
42060,1,0,0
42061,1,0,0
42062,1,0,0
42063,1,0,0
42064,1,0,0
42065,1,0,0
42066,1,0,0
42067,1,0,0
42068,1,0,0
42069,1,0,0
42070,1,0,0
42071,1,0,0
42072,1,0,0
42073,1,0,0
42074,1,0,0
42075,1,0,0
42076,1,0,0
42077,1,0,0
42078,1,0,0
42079,1,0,0
42080,1,0,0
42081,1,0,0
42082,1,0,0
42083,1,0,0
42084,1,0,0
42085,1,0,0
42086,1,0,0
42087,1,0,0
42088,1,0,0
42089,1,0,0
42090,1,0,0
42091,1,0,0
42092,1,0,0
42093,1,0,0
42094,1,0,0
42095,1,0,0
42096,1,0,0
42097,1,0,0
42098,1,0,0
42099,1,0,0
42100,1,0,0
42101,1,0,0
42102,1,0,0
42103,1,0,0
42104,1,0,0
42105,1,0,0
42106,1,0,0
42107,1,0,0
42108,1,0,0
42109,1,0,0
42110,1,0,0
42111,1,0,0
42112,1,0,0
42113,1,0,0
42114,1,0,0
42115,1,0,0
42116,1,0,0
42117,1,0,0
42118,1,0,0
42119,1,0,0
42120,1,0,0
42121,1,0,0
42122,1,0,0
42123,1,0,0
42124,1,0,0
42125,1,0,0
42126,1,0,0
42127,1,0,0
42128,1,0,0
42129,1,0,0
42130,1,0,0
42131,1,0,0
42132,1,0,0
42133,1,0,0
42134,1,0,0
42135,1,0,0
42136,1,0,0
42137,1,0,0
42138,1,0,0
42139,1,0,0
42140,1,0,0
42141,1,0,0
42142,1,0,0
42143,1,0,0
42144,1,0,0
42145,1,0,0
42146,1,0,0
42147,1,0,0
42148,1,0,0
42149,1,0,0
42150,1,0,0
42151,1,0,0
42152,1,0,0
42153,1,0,0
42154,1,0,0
42155,1,0,0
42156,1,0,0
42157,1,0,0
42158,1,0,0
42159,1,0,0
42160,1,0,0
42161,1,0,0
42162,1,0,0
42163,1,0,0
42164,1,0,0
42165,1,0,0
42166,1,0,0
42167,1,0,0
42168,1,0,0
42169,1,0,0
42170,1,0,0
42171,1,0,0
42172,1,0,0
42173,1,0,0
42174,1,0,0
42175,1,0,0
42176,1,0,0
42177,1,0,0
42178,1,0,0
42179,1,0,0
42180,1,0,0
42181,1,0,0
42182,1,0,0
42183,1,0,0
42184,1,0,0
42185,1,0,0
42186,1,0,0
42187,1,0,0
42188,1,0,0
42189,1,0,0
42190,1,0,0
42191,1,0,0
42192,1,0,0
42193,1,0,0
42194,1,0,0
42195,1,0,0
42196,1,0,0
42197,1,0,0
42198,1,0,0
42199,1,0,0
42200,1,0,0
42201,1,0,0
42202,1,0,0
42203,1,0,0
42204,1,0,0
42205,1,0,0
42206,1,0,0
42207,1,0,0
42208,1,0,0
42209,1,0,0
42210,1,0,0
42211,1,0,0
42212,1,0,0
42213,1,0,0
42214,1,0,0
42215,1,0,0
42216,1,0,0
42217,1,0,0
42218,1,0,0
42219,1,0,0
42220,1,0,0
42221,1,0,0
42222,1,0,0
42223,1,0,0
42224,1,0,0
42225,1,0,0
42226,1,0,0
42227,1,0,0
42228,1,0,0
42229,1,0,0
42230,1,0,0
42231,1,0,0
42232,1,0,0
42233,1,0,0
42234,1,0,0
42235,1,0,0
42236,1,0,0
42237,1,0,0
42238,1,0,0
42239,1,0,0
42240,1,0,0
42241,1,0,0
42242,1,0,0
42243,1,0,0
42244,1,0,0
42245,1,0,0
42246,1,0,0
42247,1,0,0
42248,1,0,0
42249,1,0,0
42250,1,0,0
42251,1,0,0
42252,1,0,0
42253,1,0,0
42254,1,0,0
42255,1,0,0
42256,1,0,0
42257,1,0,0
42258,1,0,0
42259,1,0,0
42260,1,0,0
42261,1,0,0
42262,1,0,0
42263,1,0,0
42264,1,0,0
42265,1,0,0
42266,1,0,0
42267,1,0,0
42268,1,0,0
42269,1,0,0
42270,1,0,0
42271,1,0,0
42272,1,0,0
42273,1,0,0
42274,1,0,0
42275,1,0,0
42276,1,0,0
42277,1,0,0
42278,1,0,0
42279,1,0,0
42280,1,0,0
42281,1,0,0
42282,1,0,0
42283,1,0,0
42284,1,0,0
42285,1,0,0
42286,1,0,0
42287,1,0,0
42288,1,0,0
42289,1,0,0
42290,1,0,0
42291,1,0,0
42292,1,0,0
42293,1,0,0
42294,1,0,0
42295,1,0,0
42296,1,0,0
42297,1,0,0
42298,1,0,0
42299,1,0,0
42300,1,0,0
42301,1,0,0
42302,1,0,0
42303,1,0,0
42304,1,0,0
42305,1,0,0
42306,1,0,0
42307,1,0,0
42308,1,0,0
42309,1,0,0
42310,1,0,0
42311,1,0,0
42312,1,0,0
42313,1,0,0
42314,1,0,0
42315,1,0,0
42316,1,0,0
42317,1,0,0
42318,1,0,0
42319,1,0,0
42320,1,0,0
42321,1,0,0
42322,1,0,0
42323,1,0,0
42324,1,0,0
42325,1,0,0
42326,1,0,0
42327,1,0,0
42328,1,0,0
42329,1,0,0
42330,1,0,0
42331,1,0,0
42332,1,0,0
42333,1,0,0
42334,1,0,0
42335,1,0,0
42336,1,0,0
42337,1,0,0
42338,1,0,0
42339,1,0,0
42340,1,0,0
42341,1,0,0
42342,1,0,0
42343,1,0,0
42344,1,0,0
42345,1,0,0
42346,1,0,0
42347,1,0,0
42348,1,0,0
42349,1,0,0
42350,1,0,0
42351,1,0,0
42352,1,0,0
42353,1,0,0
42354,1,0,0
42355,1,0,0
42356,1,0,0
42357,1,0,0
42358,1,0,0
42359,1,0,0
42360,1,0,0
42361,1,0,0
42362,1,0,0
42363,1,0,0
42364,1,0,0
42365,1,0,0
42366,1,0,0
42367,1,0,0
42368,1,0,0
42369,1,0,0
42370,1,0,0
42371,1,0,0
42372,1,0,0
42373,1,0,0
42374,1,0,0
42375,1,0,0
42376,1,0,0
42377,1,0,0
42378,1,0,0
42379,1,0,0
42380,1,0,0
42381,1,0,0
42382,1,0,0
42383,1,0,0
42384,1,0,0
42385,1,0,0
42386,1,0,0
42387,1,0,0
42388,1,0,0
42389,1,0,0
42390,1,0,0
42391,1,0,0
42392,1,0,0
42393,1,0,0
42394,1,0,0
42395,1,0,0
42396,1,0,0
42397,1,0,0
42398,1,0,0
42399,1,0,0
42400,1,0,0
42401,1,0,0
42402,1,0,0
42403,1,0,0
42404,1,0,0
42405,1,0,0
42406,1,0,0
42407,1,0,0
42408,1,0,0
42409,1,0,0
42410,1,0,0
42411,1,0,0
42412,1,0,0
42413,1,0,0
42414,1,0,0
42415,1,0,0
42416,1,0,0
42417,1,0,0
42418,1,0,0
42419,1,0,0
42420,1,0,0
42421,1,0,0
42422,1,0,0
42423,1,0,0
42424,1,0,0
42425,1,0,0
42426,1,0,0
42427,1,0,0
42428,1,0,0
42429,1,0,0
42430,1,0,0
42431,1,0,0
42432,1,0,0
42433,1,0,0
42434,1,0,0
42435,1,0,0
42436,1,0,0
42437,1,0,0
42438,1,0,0
42439,1,0,0
42440,1,0,0
42441,1,0,0
42442,1,0,0
42443,1,0,0
42444,1,0,0
42445,1,0,0
42446,1,0,0
42447,1,0,0
42448,1,0,0
42449,1,0,0
42450,1,0,0
42451,1,0,0
42452,1,0,0
42453,1,0,0
42454,1,0,0
42455,1,0,0
42456,1,0,0
42457,1,0,0
42458,1,0,0
42459,1,0,0
42460,1,0,0
42461,1,0,0
42462,1,0,0
42463,1,0,0
42464,1,0,0
42465,1,0,0
42466,1,0,0
42467,1,0,0
42468,1,0,0
42469,1,0,0
42470,1,0,0
42471,1,0,0
42472,1,0,0
42473,1,0,0
42474,1,0,0
42475,1,0,0
42476,1,0,0
42477,1,0,0
42478,1,0,0
42479,1,0,0
42480,1,0,0
42481,1,0,0
42482,1,0,0
42483,1,0,0
42484,1,0,0
42485,1,0,0
42486,1,0,0
42487,1,0,0
42488,1,0,0
42489,1,0,0
42490,1,0,0
42491,1,0,0
42492,1,0,0
42493,1,0,0
42494,1,0,0
42495,1,0,0
42496,1,0,0
42497,1,0,0
42498,1,0,0
42499,1,0,0
42500,1,0,0
42501,1,0,0
42502,1,0,0
42503,1,0,0
42504,1,0,0
42505,1,0,0
42506,1,0,0
42507,1,0,0
42508,1,0,0
42509,1,0,0
42510,1,0,0
42511,1,0,0
42512,1,0,0
42513,1,0,0
42514,1,0,0
42515,1,0,0
42516,1,0,0
42517,1,0,0
42518,1,0,0
42519,1,0,0
42520,1,0,0
42521,1,0,0
42522,1,0,0
42523,1,0,0
42524,1,0,0
42525,1,0,0
42526,1,0,0
42527,1,0,0
42528,1,0,0
42529,1,0,0
42530,1,0,0
42531,1,0,0
42532,1,0,0
42533,1,0,0
42534,1,0,0
42535,1,0,0
42536,1,0,0
42537,1,0,0
42538,1,0,0
42539,1,0,0
42540,1,0,0
42541,1,0,0
42542,1,0,0
42543,1,0,0
42544,1,0,0
42545,1,0,0
42546,1,0,0
42547,1,0,0
42548,1,0,0
42549,1,0,0
42550,1,0,0
42551,1,0,0
42552,1,0,0
42553,1,0,0
42554,1,0,0
42555,1,0,0
42556,1,0,0
42557,1,0,0
42558,1,0,0
42559,1,0,0
42560,1,0,0
42561,1,0,0
42562,1,0,0
42563,1,0,0
42564,1,0,0
42565,1,0,0
42566,1,0,0
42567,1,0,0
42568,1,0,0
42569,1,0,0
42570,1,0,0
42571,1,0,0
42572,1,0,0
42573,1,0,0
42574,1,0,0
42575,1,0,0
42576,1,0,0
42577,1,0,0
42578,1,0,0
42579,1,0,0
42580,1,0,0
42581,1,0,0
42582,1,0,0
42583,1,0,0
42584,1,0,0
42585,1,0,0
42586,1,0,0
42587,1,0,0
42588,1,0,0
42589,1,0,0
42590,1,0,0
42591,1,0,0
42592,1,0,0
42593,1,0,0
42594,1,0,0
42595,1,0,0
42596,1,0,0
42597,1,0,0
42598,1,0,0
42599,1,0,0
42600,1,0,0
42601,1,0,0
42602,1,0,0
42603,1,0,0
42604,1,0,0
42605,1,0,0
42606,1,0,0
42607,1,0,0
42608,1,0,0
42609,1,0,0
42610,1,0,0
42611,1,0,0
42612,1,0,0
42613,1,0,0
42614,1,0,0
42615,1,0,0
42616,1,0,0
42617,1,0,0
42618,1,0,0
42619,1,0,0
42620,1,0,0
42621,1,0,0
42622,1,0,0
42623,1,0,0
42624,1,0,0
42625,1,0,0
42626,1,0,0
42627,1,0,0
42628,1,0,0
42629,1,0,0
42630,1,0,0
42631,1,0,0
42632,1,0,0
42633,1,0,0
42634,1,0,0
42635,1,0,0
42636,1,0,0
42637,1,0,0
42638,1,0,0
42639,1,0,0
42640,1,0,0
42641,1,0,0
42642,1,0,0
42643,1,0,0
42644,1,0,0
42645,1,0,0
42646,1,0,0
42647,1,0,0
42648,1,0,0
42649,1,0,0
42650,1,0,0
42651,1,0,0
42652,1,0,0
42653,1,0,0
42654,1,0,0
42655,1,0,0
42656,1,0,0
42657,1,0,0
42658,1,0,0
42659,1,0,0
42660,1,0,0
42661,1,0,0
42662,1,0,0
42663,1,0,0
42664,1,0,0
42665,1,0,0
42666,1,0,0
42667,1,0,0
42668,1,0,0
42669,1,0,0
42670,1,0,0
42671,1,0,0
42672,1,0,0
42673,1,0,0
42674,1,0,0
42675,1,0,0
42676,1,0,0
42677,1,0,0
42678,1,0,0
42679,1,0,0
42680,1,0,0
42681,1,0,0
42682,1,0,0
42683,1,0,0
42684,1,0,0
42685,1,0,0
42686,1,0,0
42687,1,0,0
42688,1,0,0
42689,1,0,0
42690,1,0,0
42691,1,0,0
42692,1,0,0
42693,1,0,0
42694,1,0,0
42695,1,0,0
42696,1,0,0
42697,1,0,0
42698,1,0,0
42699,1,0,0
42700,1,0,0
42701,1,0,0
42702,1,0,0
42703,1,0,0
42704,1,0,0
42705,1,0,0
42706,1,0,0
42707,1,0,0
42708,1,0,0
42709,1,0,0
42710,1,0,0
42711,1,0,0
42712,1,0,0
42713,1,0,0
42714,1,0,0
42715,1,0,0
42716,1,0,0
42717,1,0,0
42718,1,0,0
42719,1,0,0
42720,1,0,0
42721,1,0,0
42722,1,0,0
42723,1,0,0
42724,1,0,0
42725,1,0,0
42726,1,0,0
42727,1,0,0
42728,1,0,0
42729,1,0,0
42730,1,0,0
42731,1,0,0
42732,1,0,0
42733,1,0,0
42734,1,0,0
42735,1,0,0
42736,1,0,0
42737,1,0,0
42738,1,0,0
42739,1,0,0
42740,1,0,0
42741,1,0,0
42742,1,0,0
42743,1,0,0
42744,1,0,0
42745,1,0,0
42746,1,0,0
42747,1,0,0
42748,1,0,0
42749,1,0,0
42750,1,0,0
42751,1,0,0
42752,1,0,0
42753,1,0,0
42754,1,0,0
42755,1,0,0
42756,1,0,0
42757,1,0,0
42758,1,0,0
42759,1,0,0
42760,1,0,0
42761,1,0,0
42762,1,0,0
42763,1,0,0
42764,1,0,0
42765,1,0,0
42766,1,0,0
42767,1,0,0
42768,1,0,0
42769,1,0,0
42770,1,0,0
42771,1,0,0
42772,1,0,0
42773,1,0,0
42774,1,0,0
42775,1,0,0
42776,1,0,0
42777,1,0,0
42778,1,0,0
42779,1,0,0
42780,1,0,0
42781,1,0,0
42782,1,0,0
42783,1,0,0
42784,1,0,0
42785,1,0,0
42786,1,0,0
42787,1,0,0
42788,1,0,0
42789,1,0,0
42790,1,0,0
42791,1,0,0
42792,1,0,0
42793,1,0,0
42794,1,0,0
42795,1,0,0
42796,1,0,0
42797,1,0,0
42798,1,0,0
42799,1,0,0
42800,1,0,0
42801,1,0,0
42802,1,0,0
42803,1,0,0
42804,1,0,0
42805,1,0,0
42806,1,0,0
42807,1,0,0
42808,1,0,0
42809,1,0,0
42810,1,0,0
42811,1,0,0
42812,1,0,0
42813,1,0,0
42814,1,0,0
42815,1,0,0
42816,1,0,0
42817,1,0,0
42818,1,0,0
42819,1,0,0
42820,1,0,0
42821,1,0,0
42822,1,0,0
42823,1,0,0
42824,1,0,0
42825,1,0,0
42826,1,0,0
42827,1,0,0
42828,1,0,0
42829,1,0,0
42830,1,0,0
42831,1,0,0
42832,1,0,0
42833,1,0,0
42834,1,0,0
42835,1,0,0
42836,1,0,0
42837,1,0,0
42838,1,0,0
42839,1,0,0
42840,1,0,0
42841,1,0,0
42842,1,0,0
42843,1,0,0
42844,1,0,0
42845,1,0,0
42846,1,0,0
42847,1,0,0
42848,1,0,0
42849,1,0,0
42850,1,0,0
42851,1,0,0
42852,1,0,0
42853,1,0,0
42854,1,0,0
42855,1,0,0
42856,1,0,0
42857,1,0,0
42858,1,0,0
42859,1,0,0
42860,1,0,0
42861,1,0,0
42862,1,0,0
42863,1,0,0
42864,1,0,0
42865,1,0,0
42866,1,0,0
42867,1,0,0
42868,1,0,0
42869,1,0,0
42870,1,0,0
42871,1,0,0
42872,1,0,0
42873,1,0,0
42874,1,0,0
42875,1,0,0
42876,1,0,0
42877,1,0,0
42878,1,0,0
42879,1,0,0
42880,1,0,0
42881,1,0,0
42882,1,0,0
42883,1,0,0
42884,1,0,0
42885,1,0,0
42886,1,0,0
42887,1,0,0
42888,1,0,0
42889,1,0,0
42890,1,0,0
42891,1,0,0
42892,1,0,0
42893,1,0,0
42894,1,0,0
42895,1,0,0
42896,1,0,0
42897,1,0,0
42898,1,0,0
42899,1,0,0
42900,1,0,0
42901,1,0,0
42902,1,0,0
42903,1,0,0
42904,1,0,0
42905,1,0,0
42906,1,0,0
42907,1,0,0
42908,1,0,0
42909,1,0,0
42910,1,0,0
42911,1,0,0
42912,1,0,0
42913,1,0,0
42914,1,0,0
42915,1,0,0
42916,1,0,0
42917,1,0,0
42918,1,0,0
42919,1,0,0
42920,1,0,0
42921,1,0,0
42922,1,0,0
42923,1,0,0
42924,1,0,0
42925,1,0,0
42926,1,0,0
42927,1,0,0
42928,1,0,0
42929,1,0,0
42930,1,0,0
42931,1,0,0
42932,1,0,0
42933,1,0,0
42934,1,0,0
42935,1,0,0
42936,1,0,0
42937,1,0,0
42938,1,0,0
42939,1,0,0
42940,1,0,0
42941,1,0,0
42942,1,0,0
42943,1,0,0
42944,1,0,0
42945,1,0,0
42946,1,0,0
42947,1,0,0
42948,1,0,0
42949,1,0,0
42950,1,0,0
42951,1,0,0
42952,1,0,0
42953,1,0,0
42954,1,0,0
42955,1,0,0
42956,1,0,0
42957,1,0,0
42958,1,0,0
42959,1,0,0
42960,1,0,0
42961,1,0,0
42962,1,0,0
42963,1,0,0
42964,1,0,0
42965,1,0,0
42966,1,0,0
42967,1,0,0
42968,1,0,0
42969,1,0,0
42970,1,0,0
42971,1,0,0
42972,1,0,0
42973,1,0,0
42974,1,0,0
42975,1,0,0
42976,1,0,0
42977,1,0,0
42978,1,0,0
42979,1,0,0
42980,1,0,0
42981,1,0,0
42982,1,0,0
42983,1,0,0
42984,1,0,0
42985,1,0,0
42986,1,0,0
42987,1,0,0
42988,1,0,0
42989,1,0,0
42990,1,0,0
42991,1,0,0
42992,1,0,0
42993,1,0,0
42994,1,0,0
42995,1,0,0
42996,1,0,0
42997,1,0,0
42998,1,0,0
42999,1,0,0
43000,1,0,0
43001,1,0,0
43002,1,0,0
43003,1,0,0
43004,1,0,0
43005,1,0,0
43006,1,0,0
43007,1,0,0
43008,1,0,0
43009,1,0,0
43010,1,0,0
43011,1,0,0
43012,1,0,0
43013,1,0,0
43014,1,0,0
43015,1,0,0
43016,1,0,0
43017,1,0,0
43018,1,0,0
43019,1,0,0
43020,1,0,0
43021,1,0,0
43022,1,0,0
43023,1,0,0
43024,1,0,0
43025,1,0,0
43026,1,0,0
43027,1,0,0
43028,1,0,0
43029,1,0,0
43030,1,0,0
43031,1,0,0
43032,1,0,0
43033,1,0,0
43034,1,0,0
43035,1,0,0
43036,1,0,0
43037,1,0,0
43038,1,0,0
43039,1,0,0
43040,1,0,0
43041,1,0,0
43042,1,0,0
43043,1,0,0
43044,1,0,0
43045,1,0,0
43046,1,0,0
43047,1,0,0
43048,1,0,0
43049,1,0,0
43050,1,0,0
43051,1,0,0
43052,1,0,0
43053,1,0,0
43054,1,0,0
43055,1,0,0
43056,1,0,0
43057,1,0,0
43058,1,0,0
43059,1,0,0
43060,1,0,0
43061,1,0,0
43062,1,0,0
43063,1,0,0
43064,1,0,0
43065,1,0,0
43066,1,0,0
43067,1,0,0
43068,1,0,0
43069,1,0,0
43070,1,0,0
43071,1,0,0
43072,1,0,0
43073,1,0,0
43074,1,0,0
43075,1,0,0
43076,1,0,0
43077,1,0,0
43078,1,0,0
43079,1,0,0
43080,1,0,0
43081,1,0,0
43082,1,0,0
43083,1,0,0
43084,1,0,0
43085,1,0,0
43086,1,0,0
43087,1,0,0
43088,1,0,0
43089,1,0,0
43090,1,0,0
43091,1,0,0
43092,1,0,0
43093,1,0,0
43094,1,0,0
43095,1,0,0
43096,1,0,0
43097,1,0,0
43098,1,0,0
43099,1,0,0
43100,1,0,0
43101,1,0,0
43102,1,0,0
43103,1,0,0
43104,1,0,0
43105,1,0,0
43106,1,0,0
43107,1,0,0
43108,1,0,0
43109,1,0,0
43110,1,0,0
43111,1,0,0
43112,1,0,0
43113,1,0,0
43114,1,0,0
43115,1,0,0
43116,1,0,0
43117,1,0,0
43118,1,0,0
43119,1,0,0
43120,1,0,0
43121,1,0,0
43122,1,0,0
43123,1,0,0
43124,1,0,0
43125,1,0,0
43126,1,0,0
43127,1,0,0
43128,1,0,0
43129,1,0,0
43130,1,0,0
43131,1,0,0
43132,1,0,0
43133,1,0,0
43134,1,0,0
43135,1,0,0
43136,1,0,0
43137,1,0,0
43138,1,0,0
43139,1,0,0
43140,1,0,0
43141,1,0,0
43142,1,0,0
43143,1,0,0
43144,1,0,0
43145,1,0,0
43146,1,0,0
43147,1,0,0
43148,1,0,0
43149,1,0,0
43150,1,0,0
43151,1,0,0
43152,1,0,0
43153,1,0,0
43154,1,0,0
43155,1,0,0
43156,1,0,0
43157,1,0,0
43158,1,0,0
43159,1,0,0
43160,1,0,0
43161,1,0,0
43162,1,0,0
43163,1,0,0
43164,1,0,0
43165,1,0,0
43166,1,0,0
43167,1,0,0
43168,1,0,0
43169,1,0,0
43170,1,0,0
43171,1,0,0
43172,1,0,0
43173,1,0,0
43174,1,0,0
43175,1,0,0
43176,1,0,0
43177,1,0,0
43178,1,0,0
43179,1,0,0
43180,1,0,0
43181,1,0,0
43182,1,0,0
43183,1,0,0
43184,1,0,0
43185,1,0,0
43186,1,0,0
43187,1,0,0
43188,1,0,0
43189,1,0,0
43190,1,0,0
43191,1,0,0
43192,1,0,0
43193,1,0,0
43194,1,0,0
43195,1,0,0
43196,1,0,0
43197,1,0,0
43198,1,0,0
43199,1,0,0
43200,1,0,0
43201,1,0,0
43202,1,0,0
43203,1,0,0
43204,1,0,0
43205,1,0,0
43206,1,0,0
43207,1,0,0
43208,1,0,0
43209,1,0,0
43210,1,0,0
43211,1,0,0
43212,1,0,0
43213,1,0,0
43214,1,0,0
43215,1,0,0
43216,1,0,0
43217,1,0,0
43218,1,0,0
43219,1,0,0
43220,1,0,0
43221,1,0,0
43222,1,0,0
43223,1,0,0
43224,1,0,0
43225,1,0,0
43226,1,0,0
43227,1,0,0
43228,1,0,0
43229,1,0,0
43230,1,0,0
43231,1,0,0
43232,1,0,0
43233,1,0,0
43234,1,0,0
43235,1,0,0
43236,1,0,0
43237,1,0,0
43238,1,0,0
43239,1,0,0
43240,1,0,0
43241,1,0,0
43242,1,0,0
43243,1,0,0
43244,1,0,0
43245,1,0,0
43246,1,0,0
43247,1,0,0
43248,1,0,0
43249,1,0,0
43250,1,0,0
43251,1,0,0
43252,1,0,0
43253,1,0,0
43254,1,0,0
43255,1,0,0
43256,1,0,0
43257,1,0,0
43258,1,0,0
43259,1,0,0
43260,1,0,0
43261,1,0,0
43262,1,0,0
43263,1,0,0
43264,1,0,0
43265,1,0,0
43266,1,0,0
43267,1,0,0
43268,1,0,0
43269,1,0,0
43270,1,0,0
43271,1,0,0
43272,1,0,0
43273,1,0,0
43274,1,0,0
43275,1,0,0
43276,1,0,0
43277,1,0,0
43278,1,0,0
43279,1,0,0
43280,1,0,0
43281,1,0,0
43282,1,0,0
43283,1,0,0
43284,1,0,0
43285,1,0,0
43286,1,0,0
43287,1,0,0
43288,1,0,0
43289,1,0,0
43290,1,0,0
43291,1,0,0
43292,1,0,0
43293,1,0,0
43294,1,0,0
43295,1,0,0
43296,1,0,0
43297,1,0,0
43298,1,0,0
43299,1,0,0
43300,1,0,0
43301,1,0,0
43302,1,0,0
43303,1,0,0
43304,1,0,0
43305,1,0,0
43306,1,0,0
43307,1,0,0
43308,1,0,0
43309,1,0,0
43310,1,0,0
43311,1,0,0
43312,1,0,0
43313,1,0,0
43314,1,0,0
43315,1,0,0
43316,1,0,0
43317,1,0,0
43318,1,0,0
43319,1,0,0
43320,1,0,0
43321,1,0,0
43322,1,0,0
43323,1,0,0
43324,1,0,0
43325,1,0,0
43326,1,0,0
43327,1,0,0
43328,1,0,0
43329,1,0,0
43330,1,0,0
43331,1,0,0
43332,1,0,0
43333,1,0,0
43334,1,0,0
43335,1,0,0
43336,1,0,0
43337,1,0,0
43338,1,0,0
43339,1,0,0
43340,1,0,0
43341,1,0,0
43342,1,0,0
43343,1,0,0
43344,1,0,0
43345,1,0,0
43346,1,0,0
43347,1,0,0
43348,1,0,0
43349,1,0,0
43350,1,0,0
43351,1,0,0
43352,1,0,0
43353,1,0,0
43354,1,0,0
43355,1,0,0
43356,1,0,0
43357,1,0,0
43358,1,0,0
43359,1,0,0
43360,1,0,0
43361,1,0,0
43362,1,0,0
43363,1,0,0
43364,1,0,0
43365,1,0,0
43366,1,0,0
43367,1,0,0
43368,1,0,0
43369,1,0,0
43370,1,0,0
43371,1,0,0
43372,1,0,0
43373,1,0,0
43374,1,0,0
43375,1,0,0
43376,1,0,0
43377,1,0,0
43378,1,0,0
43379,1,0,0
43380,1,0,0
43381,1,0,0
43382,1,0,0
43383,1,0,0
43384,1,0,0
43385,1,0,0
43386,1,0,0
43387,1,0,0
43388,1,0,0
43389,1,0,0
43390,1,0,0
43391,1,0,0
43392,1,0,0
43393,1,0,0
43394,1,0,0
43395,1,0,0
43396,1,0,0
43397,1,0,0
43398,1,0,0
43399,1,0,0
43400,1,0,0
43401,1,0,0
43402,1,0,0
43403,1,0,0
43404,1,0,0
43405,1,0,0
43406,1,0,0
43407,1,0,0
43408,1,0,0
43409,1,0,0
43410,1,0,0
43411,1,0,0
43412,1,0,0
43413,1,0,0
43414,1,0,0
43415,1,0,0
43416,1,0,0
43417,1,0,0
43418,1,0,0
43419,1,0,0
43420,1,0,0
43421,1,0,0
43422,1,0,0
43423,1,0,0
43424,1,0,0
43425,1,0,0
43426,1,0,0
43427,1,0,0
43428,1,0,0
43429,1,0,0
43430,1,0,0
43431,1,0,0
43432,1,0,0
43433,1,0,0
43434,1,0,0
43435,1,0,0
43436,1,0,0
43437,1,0,0
43438,1,0,0
43439,1,0,0
43440,1,0,0
43441,1,0,0
43442,1,0,0
43443,1,0,0
43444,1,0,0
43445,1,0,0
43446,1,0,0
43447,1,0,0
43448,1,0,0
43449,1,0,0
43450,1,0,0
43451,1,0,0
43452,1,0,0
43453,1,0,0
43454,1,0,0
43455,1,0,0
43456,1,0,0
43457,1,0,0
43458,1,0,0
43459,1,0,0
43460,1,0,0
43461,1,0,0
43462,1,0,0
43463,1,0,0
43464,1,0,0
43465,1,0,0
43466,1,0,0
43467,1,0,0
43468,1,0,0
43469,1,0,0
43470,1,0,0
43471,1,0,0
43472,1,0,0
43473,1,0,0
43474,1,0,0
43475,1,0,0
43476,1,0,0
43477,1,0,0
43478,1,0,0
43479,1,0,0
43480,1,0,0
43481,1,0,0
43482,1,0,0
43483,1,0,0
43484,1,0,0
43485,1,0,0
43486,1,0,0
43487,1,0,0
43488,1,0,0
43489,1,0,0
43490,1,0,0
43491,1,0,0
43492,1,0,0
43493,1,0,0
43494,1,0,0
43495,1,0,0
43496,1,0,0
43497,1,0,0
43498,1,0,0
43499,1,0,0
43500,1,0,0
43501,1,0,0
43502,1,0,0
43503,1,0,0
43504,1,0,0
43505,1,0,0
43506,1,0,0
43507,1,0,0
43508,1,0,0
43509,1,0,0
43510,1,0,0
43511,1,0,0
43512,1,0,0
43513,1,0,0
43514,1,0,0
43515,1,0,0
43516,1,0,0
43517,1,0,0
43518,1,0,0
43519,1,0,0
43520,1,0,0
43521,1,0,0
43522,1,0,0
43523,1,0,0
43524,1,0,0
43525,1,0,0
43526,1,0,0
43527,1,0,0
43528,1,0,0
43529,1,0,0
43530,1,0,0
43531,1,0,0
43532,1,0,0
43533,1,0,0
43534,1,0,0
43535,1,0,0
43536,1,0,0
43537,1,0,0
43538,1,0,0
43539,1,0,0
43540,1,0,0
43541,1,0,0
43542,1,0,0
43543,1,0,0
43544,1,0,0
43545,1,0,0
43546,1,0,0
43547,1,0,0
43548,1,0,0
43549,1,0,0
43550,1,0,0
43551,1,0,0
43552,1,0,0
43553,1,0,0
43554,1,0,0
43555,1,0,0
43556,1,0,0
43557,1,0,0
43558,1,0,0
43559,1,0,0
43560,1,0,0
43561,1,0,0
43562,1,0,0
43563,1,0,0
43564,1,0,0
43565,1,0,0
43566,1,0,0
43567,1,0,0
43568,1,0,0
43569,1,0,0
43570,1,0,0
43571,1,0,0
43572,1,0,0
43573,1,0,0
43574,1,0,0
43575,1,0,0
43576,1,0,0
43577,1,0,0
43578,1,0,0
43579,1,0,0
43580,1,0,0
43581,1,0,0
43582,1,0,0
43583,1,0,0
43584,1,0,0
43585,1,0,0
43586,1,0,0
43587,1,0,0
43588,1,0,0
43589,1,0,0
43590,1,0,0
43591,1,0,0
43592,1,0,0
43593,1,0,0
43594,1,0,0
43595,1,0,0
43596,1,0,0
43597,1,0,0
43598,1,0,0
43599,1,0,0
43600,1,0,0
43601,1,0,0
43602,1,0,0
43603,1,0,0
43604,1,0,0
43605,1,0,0
43606,1,0,0
43607,1,0,0
43608,1,0,0
43609,1,0,0
43610,1,0,0
43611,1,0,0
43612,1,0,0
43613,1,0,0
43614,1,0,0
43615,1,0,0
43616,1,0,0
43617,1,0,0
43618,1,0,0
43619,1,0,0
43620,1,0,0
43621,1,0,0
43622,1,0,0
43623,1,0,0
43624,1,0,0
43625,1,0,0
43626,1,0,0
43627,1,0,0
43628,1,0,0
43629,1,0,0
43630,1,0,0
43631,1,0,0
43632,1,0,0
43633,1,0,0
43634,1,0,0
43635,1,0,0
43636,1,0,0
43637,1,0,0
43638,1,0,0
43639,1,0,0
43640,1,0,0
43641,1,0,0
43642,1,0,0
43643,1,0,0
43644,1,0,0
43645,1,0,0
43646,1,0,0
43647,1,0,0
43648,1,0,0
43649,1,0,0
43650,1,0,0
43651,1,0,0
43652,1,0,0
43653,1,0,0
43654,1,0,0
43655,1,0,0
43656,1,0,0
43657,1,0,0
43658,1,0,0
43659,1,0,0
43660,1,0,0
43661,1,0,0
43662,1,0,0
43663,1,0,0
43664,1,0,0
43665,1,0,0
43666,1,0,0
43667,1,0,0
43668,1,0,0
43669,1,0,0
43670,1,0,0
43671,1,0,0
43672,1,0,0
43673,1,0,0
43674,1,0,0
43675,1,0,0
43676,1,0,0
43677,1,0,0
43678,1,0,0
43679,1,0,0
43680,1,0,0
43681,1,0,0
43682,1,0,0
43683,1,0,0
43684,1,0,0
43685,1,0,0
43686,1,0,0
43687,1,0,0
43688,1,0,0
43689,1,0,0
43690,1,0,0
43691,1,0,0
43692,1,0,0
43693,1,0,0
43694,1,0,0
43695,1,0,0
43696,1,0,0
43697,1,0,0
43698,1,0,0
43699,1,0,0
43700,1,0,0
43701,1,0,0
43702,1,0,0
43703,1,0,0
43704,1,0,0
43705,1,0,0
43706,1,0,0
43707,1,0,0
43708,1,0,0
43709,1,0,0
43710,1,0,0
43711,1,0,0
43712,1,0,0
43713,1,0,0
43714,1,0,0
43715,1,0,0
43716,1,0,0
43717,1,0,0
43718,1,0,0
43719,1,0,0
43720,1,0,0
43721,1,0,0
43722,1,0,0
43723,1,0,0
43724,1,0,0
43725,1,0,0
43726,1,0,0
43727,1,0,0
43728,1,0,0
43729,1,0,0
43730,1,0,0
43731,1,0,0
43732,1,0,0
43733,1,0,0
43734,1,0,0
43735,1,0,0
43736,1,0,0
43737,1,0,0
43738,1,0,0
43739,1,0,0
43740,1,0,0
43741,1,0,0
43742,1,0,0
43743,1,0,0
43744,1,0,0
43745,1,0,0
43746,1,0,0
43747,1,0,0
43748,1,0,0
43749,1,0,0
43750,1,0,0
43751,1,0,0
43752,1,0,0
43753,1,0,0
43754,1,0,0
43755,1,0,0
43756,1,0,0
43757,1,0,0
43758,1,0,0
43759,1,0,0
43760,1,0,0
43761,1,0,0
43762,1,0,0
43763,1,0,0
43764,1,0,0
43765,1,0,0
43766,1,0,0
43767,1,0,0
43768,1,0,0
43769,1,0,0
43770,1,0,0
43771,1,0,0
43772,1,0,0
43773,1,0,0
43774,1,0,0
43775,1,0,0
43776,1,0,0
43777,1,0,0
43778,1,0,0
43779,1,0,0
43780,1,0,0
43781,1,0,0
43782,1,0,0
43783,1,0,0
43784,1,0,0
43785,1,0,0
43786,1,0,0
43787,1,0,0
43788,1,0,0
43789,1,0,0
43790,1,0,0
43791,1,0,0
43792,1,0,0
43793,1,0,0
43794,1,0,0
43795,1,0,0
43796,1,0,0
43797,1,0,0
43798,1,0,0
43799,1,0,0
43800,1,0,0
43801,1,0,0
43802,1,0,0
43803,1,0,0
43804,1,0,0
43805,1,0,0
43806,1,0,0
43807,1,0,0
43808,1,0,0
43809,1,0,0
43810,1,0,0
43811,1,0,0
43812,1,0,0
43813,1,0,0
43814,1,0,0
43815,1,0,0
43816,1,0,0
43817,1,0,0
43818,1,0,0
43819,1,0,0
43820,1,0,0
43821,1,0,0
43822,1,0,0
43823,1,0,0
43824,1,0,0
43825,1,0,0
43826,1,0,0
43827,1,0,0
43828,1,0,0
43829,1,0,0
43830,1,0,0
43831,1,0,0
43832,1,0,0
43833,1,0,0
43834,1,0,0
43835,1,0,0
43836,1,0,0
43837,1,0,0
43838,1,0,0
43839,1,0,0
43840,1,0,0
43841,1,0,0
43842,1,0,0
43843,1,0,0
43844,1,0,0
43845,1,0,0
43846,1,0,0
43847,1,0,0
43848,1,0,0
43849,1,0,0
43850,1,0,0
43851,1,0,0
43852,1,0,0
43853,1,0,0
43854,1,0,0
43855,1,0,0
43856,1,0,0
43857,1,0,0
43858,1,0,0
43859,1,0,0
43860,1,0,0
43861,1,0,0
43862,1,0,0
43863,1,0,0
43864,1,0,0
43865,1,0,0
43866,1,0,0
43867,1,0,0
43868,1,0,0
43869,1,0,0
43870,1,0,0
43871,1,0,0
43872,1,0,0
43873,1,0,0
43874,1,0,0
43875,1,0,0
43876,1,0,0
43877,1,0,0
43878,1,0,0
43879,1,0,0
43880,1,0,0
43881,1,0,0
43882,1,0,0
43883,1,0,0
43884,1,0,0
43885,1,0,0
43886,1,0,0
43887,1,0,0
43888,1,0,0
43889,1,0,0
43890,1,0,0
43891,1,0,0
43892,1,0,0
43893,1,0,0
43894,1,0,0
43895,1,0,0
43896,1,0,0
43897,1,0,0
43898,1,0,0
43899,1,0,0
43900,1,0,0
43901,1,0,0
43902,1,0,0
43903,1,0,0
43904,1,0,0
43905,1,0,0
43906,1,0,0
43907,1,0,0
43908,1,0,0
43909,1,0,0
43910,1,0,0
43911,1,0,0
43912,1,0,0
43913,1,0,0
43914,1,0,0
43915,1,0,0
43916,1,0,0
43917,1,0,0
43918,1,0,0
43919,1,0,0
43920,1,0,0
43921,1,0,0
43922,1,0,0
43923,1,0,0
43924,1,0,0
43925,1,0,0
43926,1,0,0
43927,1,0,0
43928,1,0,0
43929,1,0,0
43930,1,0,0
43931,1,0,0
43932,1,0,0
43933,1,0,0
43934,1,0,0
43935,1,0,0
43936,1,0,0
43937,1,0,0
43938,1,0,0
43939,1,0,0
43940,1,0,0
43941,1,0,0
43942,1,0,0
43943,1,0,0
43944,1,0,0
43945,1,0,0
43946,1,0,0
43947,1,0,0
43948,1,0,0
43949,1,0,0
43950,1,0,0
43951,1,0,0
43952,1,0,0
43953,1,0,0
43954,1,0,0
43955,1,0,0
43956,1,0,0
43957,1,0,0
43958,1,0,0
43959,1,0,0
43960,1,0,0
43961,1,0,0
43962,1,0,0
43963,1,0,0
43964,1,0,0
43965,1,0,0
43966,1,0,0
43967,1,0,0
43968,1,0,0
43969,1,0,0
43970,1,0,0
43971,1,0,0
43972,1,0,0
43973,1,0,0
43974,1,0,0
43975,1,0,0
43976,1,0,0
43977,1,0,0
43978,1,0,0
43979,1,0,0
43980,1,0,0
43981,1,0,0
43982,1,0,0
43983,1,0,0
43984,1,0,0
43985,1,0,0
43986,1,0,0
43987,1,0,0
43988,1,0,0
43989,1,0,0
43990,1,0,0
43991,1,0,0
43992,1,0,0
43993,1,0,0
43994,1,0,0
43995,1,0,0
43996,1,0,0
43997,1,0,0
43998,1,0,0
43999,1,0,0
44000,1,0,0
44001,1,0,0
44002,1,0,0
44003,1,0,0
44004,1,0,0
44005,1,0,0
44006,1,0,0
44007,1,0,0
44008,1,0,0
44009,1,0,0
44010,1,0,0
44011,1,0,0
44012,1,0,0
44013,1,0,0
44014,1,0,0
44015,1,0,0
44016,1,0,0
44017,1,0,0
44018,1,0,0
44019,1,0,0
44020,1,0,0
44021,1,0,0
44022,1,0,0
44023,1,0,0
44024,1,0,0
44025,1,0,0
44026,1,0,0
44027,1,0,0
44028,1,0,0
44029,1,0,0
44030,1,0,0
44031,1,0,0
44032,1,0,0
44033,1,0,0
44034,1,0,0
44035,1,0,0
44036,1,0,0
44037,1,0,0
44038,1,0,0
44039,1,0,0
44040,1,0,0
44041,1,0,0
44042,1,0,0
44043,1,0,0
44044,1,0,0
44045,1,0,0
44046,1,0,0
44047,1,0,0
44048,1,0,0
44049,1,0,0
44050,1,0,0
44051,1,0,0
44052,1,0,0
44053,1,0,0
44054,1,0,0
44055,1,0,0
44056,1,0,0
44057,1,0,0
44058,1,0,0
44059,1,0,0
44060,1,0,0
44061,1,0,0
44062,1,0,0
44063,1,0,0
44064,1,0,0
44065,1,0,0
44066,1,0,0
44067,1,0,0
44068,1,0,0
44069,1,0,0
44070,1,0,0
44071,1,0,0
44072,1,0,0
44073,1,0,0
44074,1,0,0
44075,1,0,0
44076,1,0,0
44077,1,0,0
44078,1,0,0
44079,1,0,0
44080,1,0,0
44081,1,0,0
44082,1,0,0
44083,1,0,0
44084,1,0,0
44085,1,0,0
44086,1,0,0
44087,1,0,0
44088,1,0,0
44089,1,0,0
44090,1,0,0
44091,1,0,0
44092,1,0,0
44093,1,0,0
44094,1,0,0
44095,1,0,0
44096,1,0,0
44097,1,0,0
44098,1,0,0
44099,1,0,0
44100,1,0,0
44101,1,0,0
44102,1,0,0
44103,1,0,0
44104,1,0,0
44105,1,0,0
44106,1,0,0
44107,1,0,0
44108,1,0,0
44109,1,0,0
44110,1,0,0
44111,1,0,0
44112,1,0,0
44113,1,0,0
44114,1,0,0
44115,1,0,0
44116,1,0,0
44117,1,0,0
44118,1,0,0
44119,1,0,0
44120,1,0,0
44121,1,0,0
44122,1,0,0
44123,1,0,0
44124,1,0,0
44125,1,0,0
44126,1,0,0
44127,1,0,0
44128,1,0,0
44129,1,0,0
44130,1,0,0
44131,1,0,0
44132,1,0,0
44133,1,0,0
44134,1,0,0
44135,1,0,0
44136,1,0,0
44137,1,0,0
44138,1,0,0
44139,1,0,0
44140,1,0,0
44141,1,0,0
44142,1,0,0
44143,1,0,0
44144,1,0,0
44145,1,0,0
44146,1,0,0
44147,1,0,0
44148,1,0,0
44149,1,0,0
44150,1,0,0
44151,1,0,0
44152,1,0,0
44153,1,0,0
44154,1,0,0
44155,1,0,0
44156,1,0,0
44157,1,0,0
44158,1,0,0
44159,1,0,0
44160,1,0,0
44161,1,0,0
44162,1,0,0
44163,1,0,0
44164,1,0,0
44165,1,0,0
44166,1,0,0
44167,1,0,0
44168,1,0,0
44169,1,0,0
44170,1,0,0
44171,1,0,0
44172,1,0,0
44173,1,0,0
44174,1,0,0
44175,1,0,0
44176,1,0,0
44177,1,0,0
44178,1,0,0
44179,1,0,0
44180,1,0,0
44181,1,0,0
44182,1,0,0
44183,1,0,0
44184,1,0,0
44185,1,0,0
44186,1,0,0
44187,1,0,0
44188,1,0,0
44189,1,0,0
44190,1,0,0
44191,1,0,0
44192,1,0,0
44193,1,0,0
44194,1,0,0
44195,1,0,0
44196,1,0,0
44197,1,0,0
44198,1,0,0
44199,1,0,0
44200,1,0,0
44201,1,0,0
44202,1,0,0
44203,1,0,0
44204,1,0,0
44205,1,0,0
44206,1,0,0
44207,1,0,0
44208,1,0,0
44209,1,0,0
44210,1,0,0
44211,1,0,0
44212,1,0,0
44213,1,0,0
44214,1,0,0
44215,1,0,0
44216,1,0,0
44217,1,0,0
44218,1,0,0
44219,1,0,0
44220,1,0,0
44221,1,0,0
44222,1,0,0
44223,1,0,0
44224,1,0,0
44225,1,0,0
44226,1,0,0
44227,1,0,0
44228,1,0,0
44229,1,0,0
44230,1,0,0
44231,1,0,0
44232,1,0,0
44233,1,0,0
44234,1,0,0
44235,1,0,0
44236,1,0,0
44237,1,0,0
44238,1,0,0
44239,1,0,0
44240,1,0,0
44241,1,0,0
44242,1,0,0
44243,1,0,0
44244,1,0,0
44245,1,0,0
44246,1,0,0
44247,1,0,0
44248,1,0,0
44249,1,0,0
44250,1,0,0
44251,1,0,0
44252,1,0,0
44253,1,0,0
44254,1,0,0
44255,1,0,0
44256,1,0,0
44257,1,0,0
44258,1,0,0
44259,1,0,0
44260,1,0,0
44261,1,0,0
44262,1,0,0
44263,1,0,0
44264,1,0,0
44265,1,0,0
44266,1,0,0
44267,1,0,0
44268,1,0,0
44269,1,0,0
44270,1,0,0
44271,1,0,0
44272,1,0,0
44273,1,0,0
44274,1,0,0
44275,1,0,0
44276,1,0,0
44277,1,0,0
44278,1,0,0
44279,1,0,0
44280,1,0,0
44281,1,0,0
44282,1,0,0
44283,1,0,0
44284,1,0,0
44285,1,0,0
44286,1,0,0
44287,1,0,0
44288,1,0,0
44289,1,0,0
44290,1,0,0
44291,1,0,0
44292,1,0,0
44293,1,0,0
44294,1,0,0
44295,1,0,0
44296,1,0,0
44297,1,0,0
44298,1,0,0
44299,1,0,0
44300,1,0,0
44301,1,0,0
44302,1,0,0
44303,1,0,0
44304,1,0,0
44305,1,0,0
44306,1,0,0
44307,1,0,0
44308,1,0,0
44309,1,0,0
44310,1,0,0
44311,1,0,0
44312,1,0,0
44313,1,0,0
44314,1,0,0
44315,1,0,0
44316,1,0,0
44317,1,0,0
44318,1,0,0
44319,1,0,0
44320,1,0,0
44321,1,0,0
44322,1,0,0
44323,1,0,0
44324,1,0,0
44325,1,0,0
44326,1,0,0
44327,1,0,0
44328,1,0,0
44329,1,0,0
44330,1,0,0
44331,1,0,0
44332,1,0,0
44333,1,0,0
44334,1,0,0
44335,1,0,0
44336,1,0,0
44337,1,0,0
44338,1,0,0
44339,1,0,0
44340,1,0,0
44341,1,0,0
44342,1,0,0
44343,1,0,0
44344,1,0,0
44345,1,0,0
44346,1,0,0
44347,1,0,0
44348,1,0,0
44349,1,0,0
44350,1,0,0
44351,1,0,0
44352,1,0,0
44353,1,0,0
44354,1,0,0
44355,1,0,0
44356,1,0,0
44357,1,0,0
44358,1,0,0
44359,1,0,0
44360,1,0,0
44361,1,0,0
44362,1,0,0
44363,1,0,0
44364,1,0,0
44365,1,0,0
44366,1,0,0
44367,1,0,0
44368,1,0,0
44369,1,0,0
44370,1,0,0
44371,1,0,0
44372,1,0,0
44373,1,0,0
44374,1,0,0
44375,1,0,0
44376,1,0,0
44377,1,0,0
44378,1,0,0
44379,1,0,0
44380,1,0,0
44381,1,0,0
44382,1,0,0
44383,1,0,0
44384,1,0,0
44385,1,0,0
44386,1,0,0
44387,1,0,0
44388,1,0,0
44389,1,0,0
44390,1,0,0
44391,1,0,0
44392,1,0,0
44393,1,0,0
44394,1,0,0
44395,1,0,0
44396,1,0,0
44397,1,0,0
44398,1,0,0
44399,1,0,0
44400,1,0,0
44401,1,0,0
44402,1,0,0
44403,1,0,0
44404,1,0,0
44405,1,0,0
44406,1,0,0
44407,1,0,0
44408,1,0,0
44409,1,0,0
44410,1,0,0
44411,1,0,0
44412,1,0,0
44413,1,0,0
44414,1,0,0
44415,1,0,0
44416,1,0,0
44417,1,0,0
44418,1,0,0
44419,1,0,0
44420,1,0,0
44421,1,0,0
44422,1,0,0
44423,1,0,0
44424,1,0,0
44425,1,0,0
44426,1,0,0
44427,1,0,0
44428,1,0,0
44429,1,0,0
44430,1,0,0
44431,1,0,0
44432,1,0,0
44433,1,0,0
44434,1,0,0
44435,1,0,0
44436,1,0,0
44437,1,0,0
44438,1,0,0
44439,1,0,0
44440,1,0,0
44441,1,0,0
44442,1,0,0
44443,1,0,0
44444,1,0,0
44445,1,0,0
44446,1,0,0
44447,1,0,0
44448,1,0,0
44449,1,0,0
44450,1,0,0
44451,1,0,0
44452,1,0,0
44453,1,0,0
44454,1,0,0
44455,1,0,0
44456,1,0,0
44457,1,0,0
44458,1,0,0
44459,1,0,0
44460,1,0,0
44461,1,0,0
44462,1,0,0
44463,1,0,0
44464,1,0,0
44465,1,0,0
44466,1,0,0
44467,1,0,0
44468,1,0,0
44469,1,0,0
44470,1,0,0
44471,1,0,0
44472,1,0,0
44473,1,0,0
44474,1,0,0
44475,1,0,0
44476,1,0,0
44477,1,0,0
44478,1,0,0
44479,1,0,0
44480,1,0,0
44481,1,0,0
44482,1,0,0
44483,1,0,0
44484,1,0,0
44485,1,0,0
44486,1,0,0
44487,1,0,0
44488,1,0,0
44489,1,0,0
44490,1,0,0
44491,1,0,0
44492,1,0,0
44493,1,0,0
44494,1,0,0
44495,1,0,0
44496,1,0,0
44497,1,0,0
44498,1,0,0
44499,1,0,0
44500,1,0,0
44501,1,0,0
44502,1,0,0
44503,1,0,0
44504,1,0,0
44505,1,0,0
44506,1,0,0
44507,1,0,0
44508,1,0,0
44509,1,0,0
44510,1,0,0
44511,1,0,0
44512,1,0,0
44513,1,0,0
44514,1,0,0
44515,1,0,0
44516,1,0,0
44517,1,0,0
44518,1,0,0
44519,1,0,0
44520,1,0,0
44521,1,0,0
44522,1,0,0
44523,1,0,0
44524,1,0,0
44525,1,0,0
44526,1,0,0
44527,1,0,0
44528,1,0,0
44529,1,0,0
44530,1,0,0
44531,1,0,0
44532,1,0,0
44533,1,0,0
44534,1,0,0
44535,1,0,0
44536,1,0,0
44537,1,0,0
44538,1,0,0
44539,1,0,0
44540,1,0,0
44541,1,0,0
44542,1,0,0
44543,1,0,0
44544,1,0,0
44545,1,0,0
44546,1,0,0
44547,1,0,0
44548,1,0,0
44549,1,0,0
44550,1,0,0
44551,1,0,0
44552,1,0,0
44553,1,0,0
44554,1,0,0
44555,1,0,0
44556,1,0,0
44557,1,0,0
44558,1,0,0
44559,1,0,0
44560,1,0,0
44561,1,0,0
44562,1,0,0
44563,1,0,0
44564,1,0,0
44565,1,0,0
44566,1,0,0
44567,1,0,0
44568,1,0,0
44569,1,0,0
44570,1,0,0
44571,1,0,0
44572,1,0,0
44573,1,0,0
44574,1,0,0
44575,1,0,0
44576,1,0,0
44577,1,0,0
44578,1,0,0
44579,1,0,0
44580,1,0,0
44581,1,0,0
44582,1,0,0
44583,1,0,0
44584,1,0,0
44585,1,0,0
44586,1,0,0
44587,1,0,0
44588,1,0,0
44589,1,0,0
44590,1,0,0
44591,1,0,0
44592,1,0,0
44593,1,0,0
44594,1,0,0
44595,1,0,0
44596,1,0,0
44597,1,0,0
44598,1,0,0
44599,1,0,0
44600,1,0,0
44601,1,0,0
44602,1,0,0
44603,1,0,0
44604,1,0,0
44605,1,0,0
44606,1,0,0
44607,1,0,0
44608,1,0,0
44609,1,0,0
44610,1,0,0
44611,1,0,0
44612,1,0,0
44613,1,0,0
44614,1,0,0
44615,1,0,0
44616,1,0,0
44617,1,0,0
44618,1,0,0
44619,1,0,0
44620,1,0,0
44621,1,0,0
44622,1,0,0
44623,1,0,0
44624,1,0,0
44625,1,0,0
44626,1,0,0
44627,1,0,0
44628,1,0,0
44629,1,0,0
44630,1,0,0
44631,1,0,0
44632,1,0,0
44633,1,0,0
44634,1,0,0
44635,1,0,0
44636,1,0,0
44637,1,0,0
44638,1,0,0
44639,1,0,0
44640,1,0,0
44641,1,0,0
44642,1,0,0
44643,1,0,0
44644,1,0,0
44645,1,0,0
44646,1,0,0
44647,1,0,0
44648,1,0,0
44649,1,0,0
44650,1,0,0
44651,1,0,0
44652,1,0,0
44653,1,0,0
44654,1,0,0
44655,1,0,0
44656,1,0,0
44657,1,0,0
44658,1,0,0
44659,1,0,0
44660,1,0,0
44661,1,0,0
44662,1,0,0
44663,1,0,0
44664,1,0,0
44665,1,0,0
44666,1,0,0
44667,1,0,0
44668,1,0,0
44669,1,0,0
44670,1,0,0
44671,1,0,0
44672,1,0,0
44673,1,0,0
44674,1,0,0
44675,1,0,0
44676,1,0,0
44677,1,0,0
44678,1,0,0
44679,1,0,0
44680,1,0,0
44681,1,0,0
44682,1,0,0
44683,1,0,0
44684,1,0,0
44685,1,0,0
44686,1,0,0
44687,1,0,0
44688,1,0,0
44689,1,0,0
44690,1,0,0
44691,1,0,0
44692,1,0,0
44693,1,0,0
44694,1,0,0
44695,1,0,0
44696,1,0,0
44697,1,0,0
44698,1,0,0
44699,1,0,0
44700,1,0,0
44701,1,0,0
44702,1,0,0
44703,1,0,0
44704,1,0,0
44705,1,0,0
44706,1,0,0
44707,1,0,0
44708,1,0,0
44709,1,0,0
44710,1,0,0
44711,1,0,0
44712,1,0,0
44713,1,0,0
44714,1,0,0
44715,1,0,0
44716,1,0,0
44717,1,0,0
44718,1,0,0
44719,1,0,0
44720,1,0,0
44721,1,0,0
44722,1,0,0
44723,1,0,0
44724,1,0,0
44725,1,0,0
44726,1,0,0
44727,1,0,0
44728,1,0,0
44729,1,0,0
44730,1,0,0
44731,1,0,0
44732,1,0,0
44733,1,0,0
44734,1,0,0
44735,1,0,0
44736,1,0,0
44737,1,0,0
44738,1,0,0
44739,1,0,0
44740,1,0,0
44741,1,0,0
44742,1,0,0
44743,1,0,0
44744,1,0,0
44745,1,0,0
44746,1,0,0
44747,1,0,0
44748,1,0,0
44749,1,0,0
44750,1,0,0
44751,1,0,0
44752,1,0,0
44753,1,0,0
44754,1,0,0
44755,1,0,0
44756,1,0,0
44757,1,0,0
44758,1,0,0
44759,1,0,0
44760,1,0,0
44761,1,0,0
44762,1,0,0
44763,1,0,0
44764,1,0,0
44765,1,0,0
44766,1,0,0
44767,1,0,0
44768,1,0,0
44769,1,0,0
44770,1,0,0
44771,1,0,0
44772,1,0,0
44773,1,0,0
44774,1,0,0
44775,1,0,0
44776,1,0,0
44777,1,0,0
44778,1,0,0
44779,1,0,0
44780,1,0,0
44781,1,0,0
44782,1,0,0
44783,1,0,0
44784,1,0,0
44785,1,0,0
44786,1,0,0
44787,1,0,0
44788,1,0,0
44789,1,0,0
44790,1,0,0
44791,1,0,0
44792,1,0,0
44793,1,0,0
44794,1,0,0
44795,1,0,0
44796,1,0,0
44797,1,0,0
44798,1,0,0
44799,1,0,0
44800,1,0,0
44801,1,0,0
44802,1,0,0
44803,1,0,0
44804,1,0,0
44805,1,0,0
44806,1,0,0
44807,1,0,0
44808,1,0,0
44809,1,0,0
44810,1,0,0
44811,1,0,0
44812,1,0,0
44813,1,0,0
44814,1,0,0
44815,1,0,0
44816,1,0,0
44817,1,0,0
44818,1,0,0
44819,1,0,0
44820,1,0,0
44821,1,0,0
44822,1,0,0
44823,1,0,0
44824,1,0,0
44825,1,0,0
44826,1,0,0
44827,1,0,0
44828,1,0,0
44829,1,0,0
44830,1,0,0
44831,1,0,0
44832,1,0,0
44833,1,0,0
44834,1,0,0
44835,1,0,0
44836,1,0,0
44837,1,0,0
44838,1,0,0
44839,1,0,0
44840,1,0,0
44841,1,0,0
44842,1,0,0
44843,1,0,0
44844,1,0,0
44845,1,0,0
44846,1,0,0
44847,1,0,0
44848,1,0,0
44849,1,0,0
44850,1,0,0
44851,1,0,0
44852,1,0,0
44853,1,0,0
44854,1,0,0
44855,1,0,0
44856,1,0,0
44857,1,0,0
44858,1,0,0
44859,1,0,0
44860,1,0,0
44861,1,0,0
44862,1,0,0
44863,1,0,0
44864,1,0,0
44865,1,0,0
44866,1,0,0
44867,1,0,0
44868,1,0,0
44869,1,0,0
44870,1,0,0
44871,1,0,0
44872,1,0,0
44873,1,0,0
44874,1,0,0
44875,1,0,0
44876,1,0,0
44877,1,0,0
44878,1,0,0
44879,1,0,0
44880,1,0,0
44881,1,0,0
44882,1,0,0
44883,1,0,0
44884,1,0,0
44885,1,0,0
44886,1,0,0
44887,1,0,0
44888,1,0,0
44889,1,0,0
44890,1,0,0
44891,1,0,0
44892,1,0,0
44893,1,0,0
44894,1,0,0
44895,1,0,0
44896,1,0,0
44897,1,0,0
44898,1,0,0
44899,1,0,0
44900,1,0,0
44901,1,0,0
44902,1,0,0
44903,1,0,0
44904,1,0,0
44905,1,0,0
44906,1,0,0
44907,1,0,0
44908,1,0,0
44909,1,0,0
44910,1,0,0
44911,1,0,0
44912,1,0,0
44913,1,0,0
44914,1,0,0
44915,1,0,0
44916,1,0,0
44917,1,0,0
44918,1,0,0
44919,1,0,0
44920,1,0,0
44921,1,0,0
44922,1,0,0
44923,1,0,0
44924,1,0,0
44925,1,0,0
44926,1,0,0
44927,1,0,0
44928,1,0,0
44929,1,0,0
44930,1,0,0
44931,1,0,0
44932,1,0,0
44933,1,0,0
44934,1,0,0
44935,1,0,0
44936,1,0,0
44937,1,0,0
44938,1,0,0
44939,1,0,0
44940,1,0,0
44941,1,0,0
44942,1,0,0
44943,1,0,0
44944,1,0,0
44945,1,0,0
44946,1,0,0
44947,1,0,0
44948,1,0,0
44949,1,0,0
44950,1,0,0
44951,1,0,0
44952,1,0,0
44953,1,0,0
44954,1,0,0
44955,1,0,0
44956,1,0,0
44957,1,0,0
44958,1,0,0
44959,1,0,0
44960,1,0,0
44961,1,0,0
44962,1,0,0
44963,1,0,0
44964,1,0,0
44965,1,0,0
44966,1,0,0
44967,1,0,0
44968,1,0,0
44969,1,0,0
44970,1,0,0
44971,1,0,0
44972,1,0,0
44973,1,0,0
44974,1,0,0
44975,1,0,0
44976,1,0,0
44977,1,0,0
44978,1,0,0
44979,1,0,0
44980,1,0,0
44981,1,0,0
44982,1,0,0
44983,1,0,0
44984,1,0,0
44985,1,0,0
44986,1,0,0
44987,1,0,0
44988,1,0,0
44989,1,0,0
44990,1,0,0
44991,1,0,0
44992,1,0,0
44993,1,0,0
44994,1,0,0
44995,1,0,0
44996,1,0,0
44997,1,0,0
44998,1,0,0
44999,1,0,0
45000,1,0,0
45001,1,0,0
45002,1,0,0
45003,1,0,0
45004,1,0,0
45005,1,0,0
45006,1,0,0
45007,1,0,0
45008,1,0,0
45009,1,0,0
45010,1,0,0
45011,1,0,0
45012,1,0,0
45013,1,0,0
45014,1,0,0
45015,1,0,0
45016,1,0,0
45017,1,0,0
45018,1,0,0
45019,1,0,0
45020,1,0,0
45021,1,0,0
45022,1,0,0
45023,1,0,0
45024,1,0,0
45025,1,0,0
45026,1,0,0
45027,1,0,0
45028,1,0,0
45029,1,0,0
45030,1,0,0
45031,1,0,0
45032,1,0,0
45033,1,0,0
45034,1,0,0
45035,1,0,0
45036,1,0,0
45037,1,0,0
45038,1,0,0
45039,1,0,0
45040,1,0,0
45041,1,0,0
45042,1,0,0
45043,1,0,0
45044,1,0,0
45045,1,0,0
45046,1,0,0
45047,1,0,0
45048,1,0,0
45049,1,0,0
45050,1,0,0
45051,1,0,0
45052,1,0,0
45053,1,0,0
45054,1,0,0
45055,1,0,0
45056,1,0,0
45057,1,0,0
45058,1,0,0
45059,1,0,0
45060,1,0,0
45061,1,0,0
45062,1,0,0
45063,1,0,0
45064,1,0,0
45065,1,0,0
45066,1,0,0
45067,1,0,0
45068,1,0,0
45069,1,0,0
45070,1,0,0
45071,1,0,0
45072,1,0,0
45073,1,0,0
45074,1,0,0
45075,1,0,0
45076,1,0,0
45077,1,0,0
45078,1,0,0
45079,1,0,0
45080,1,0,0
45081,1,0,0
45082,1,0,0
45083,1,0,0
45084,1,0,0
45085,1,0,0
45086,1,0,0
45087,1,0,0
45088,1,0,0
45089,1,0,0
45090,1,0,0
45091,1,0,0
45092,1,0,0
45093,1,0,0
45094,1,0,0
45095,1,0,0
45096,1,0,0
45097,1,0,0
45098,1,0,0
45099,1,0,0
45100,1,0,0
45101,1,0,0
45102,1,0,0
45103,1,0,0
45104,1,0,0
45105,1,0,0
45106,1,0,0
45107,1,0,0
45108,1,0,0
45109,1,0,0
45110,1,0,0
45111,1,0,0
45112,1,0,0
45113,1,0,0
45114,1,0,0
45115,1,0,0
45116,1,0,0
45117,1,0,0
45118,1,0,0
45119,1,0,0
45120,1,0,0
45121,1,0,0
45122,1,0,0
45123,1,0,0
45124,1,0,0
45125,1,0,0
45126,1,0,0
45127,1,0,0
45128,1,0,0
45129,1,0,0
45130,1,0,0
45131,1,0,0
45132,1,0,0
45133,1,0,0
45134,1,0,0
45135,1,0,0
45136,1,0,0
45137,1,0,0
45138,1,0,0
45139,1,0,0
45140,1,0,0
45141,1,0,0
45142,1,0,0
45143,1,0,0
45144,1,0,0
45145,1,0,0
45146,1,0,0
45147,1,0,0
45148,1,0,0
45149,1,0,0
45150,1,0,0
45151,1,0,0
45152,1,0,0
45153,1,0,0
45154,1,0,0
45155,1,0,0
45156,1,0,0
45157,1,0,0
45158,1,0,0
45159,1,0,0
45160,1,0,0
45161,1,0,0
45162,1,0,0
45163,1,0,0
45164,1,0,0
45165,1,0,0
45166,1,0,0
45167,1,0,0
45168,1,0,0
45169,1,0,0
45170,1,0,0
45171,1,0,0
45172,1,0,0
45173,1,0,0
45174,1,0,0
45175,1,0,0
45176,1,0,0
45177,1,0,0
45178,1,0,0
45179,1,0,0
45180,1,0,0
45181,1,0,0
45182,1,0,0
45183,1,0,0
45184,1,0,0
45185,1,0,0
45186,1,0,0
45187,1,0,0
45188,1,0,0
45189,1,0,0
45190,1,0,0
45191,1,0,0
45192,1,0,0
45193,1,0,0
45194,1,0,0
45195,1,0,0
45196,1,0,0
45197,1,0,0
45198,1,0,0
45199,1,0,0
45200,1,0,0
45201,1,0,0
45202,1,0,0
45203,1,0,0
45204,1,0,0
45205,1,0,0
45206,1,0,0
45207,1,0,0
45208,1,0,0
45209,1,0,0
45210,1,0,0
45211,1,0,0
45212,1,0,0
45213,1,0,0
45214,1,0,0
45215,1,0,0
45216,1,0,0
45217,1,0,0
45218,1,0,0
45219,1,0,0
45220,1,0,0
45221,1,0,0
45222,1,0,0
45223,1,0,0
45224,1,0,0
45225,1,0,0
45226,1,0,0
45227,1,0,0
45228,1,0,0
45229,1,0,0
45230,1,0,0
45231,1,0,0
45232,1,0,0
45233,1,0,0
45234,1,0,0
45235,1,0,0
45236,1,0,0
45237,1,0,0
45238,1,0,0
45239,1,0,0
45240,1,0,0
45241,1,0,0
45242,1,0,0
45243,1,0,0
45244,1,0,0
45245,1,0,0
45246,1,0,0
45247,1,0,0
45248,1,0,0
45249,1,0,0
45250,1,0,0
45251,1,0,0
45252,1,0,0
45253,1,0,0
45254,1,0,0
45255,1,0,0
45256,1,0,0
45257,1,0,0
45258,1,0,0
45259,1,0,0
45260,1,0,0
45261,1,0,0
45262,1,0,0
45263,1,0,0
45264,1,0,0
45265,1,0,0
45266,1,0,0
45267,1,0,0
45268,1,0,0
45269,1,0,0
45270,1,0,0
45271,1,0,0
45272,1,0,0
45273,1,0,0
45274,1,0,0
45275,1,0,0
45276,1,0,0
45277,1,0,0
45278,1,0,0
45279,1,0,0
45280,1,0,0
45281,1,0,0
45282,1,0,0
45283,1,0,0
45284,1,0,0
45285,1,0,0
45286,1,0,0
45287,1,0,0
45288,1,0,0
45289,1,0,0
45290,1,0,0
45291,1,0,0
45292,1,0,0
45293,1,0,0
45294,1,0,0
45295,1,0,0
45296,1,0,0
45297,1,0,0
45298,1,0,0
45299,1,0,0
45300,1,0,0
45301,1,0,0
45302,1,0,0
45303,1,0,0
45304,1,0,0
45305,1,0,0
45306,1,0,0
45307,1,0,0
45308,1,0,0
45309,1,0,0
45310,1,0,0
45311,1,0,0
45312,1,0,0
45313,1,0,0
45314,1,0,0
45315,1,0,0
45316,1,0,0
45317,1,0,0
45318,1,0,0
45319,1,0,0
45320,1,0,0
45321,1,0,0
45322,1,0,0
45323,1,0,0
45324,1,0,0
45325,1,0,0
45326,1,0,0
45327,1,0,0
45328,1,0,0
45329,1,0,0
45330,1,0,0
45331,1,0,0
45332,1,0,0
45333,1,0,0
45334,1,0,0
45335,1,0,0
45336,1,0,0
45337,1,0,0
45338,1,0,0
45339,1,0,0
45340,1,0,0
45341,1,0,0
45342,1,0,0
45343,1,0,0
45344,1,0,0
45345,1,0,0
45346,1,0,0
45347,1,0,0
45348,1,0,0
45349,1,0,0
45350,1,0,0
45351,1,0,0
45352,1,0,0
45353,1,0,0
45354,1,0,0
45355,1,0,0
45356,1,0,0
45357,1,0,0
45358,1,0,0
45359,1,0,0
45360,1,0,0
45361,1,0,0
45362,1,0,0
45363,1,0,0
45364,1,0,0
45365,1,0,0
45366,1,0,0
45367,1,0,0
45368,1,0,0
45369,1,0,0
45370,1,0,0
45371,1,0,0
45372,1,0,0
45373,1,0,0
45374,1,0,0
45375,1,0,0
45376,1,0,0
45377,1,0,0
45378,1,0,0
45379,1,0,0
45380,1,0,0
45381,1,0,0
45382,1,0,0
45383,1,0,0
45384,1,0,0
45385,1,0,0
45386,1,0,0
45387,1,0,0
45388,1,0,0
45389,1,0,0
45390,1,0,0
45391,1,0,0
45392,1,0,0
45393,1,0,0
45394,1,0,0
45395,1,0,0
45396,1,0,0
45397,1,0,0
45398,1,0,0
45399,1,0,0
45400,1,0,0
45401,1,0,0
45402,1,0,0
45403,1,0,0
45404,1,0,0
45405,1,0,0
45406,1,0,0
45407,1,0,0
45408,1,0,0
45409,1,0,0
45410,1,0,0
45411,1,0,0
45412,1,0,0
45413,1,0,0
45414,1,0,0
45415,1,0,0
45416,1,0,0
45417,1,0,0
45418,1,0,0
45419,1,0,0
45420,1,0,0
45421,1,0,0
45422,1,0,0
45423,1,0,0
45424,1,0,0
45425,1,0,0
45426,1,0,0
45427,1,0,0
45428,1,0,0
45429,1,0,0
45430,1,0,0
45431,1,0,0
45432,1,0,0
45433,1,0,0
45434,1,0,0
45435,1,0,0
45436,1,0,0
45437,1,0,0
45438,1,0,0
45439,1,0,0
45440,1,0,0
45441,1,0,0
45442,1,0,0
45443,1,0,0
45444,1,0,0
45445,1,0,0
45446,1,0,0
45447,1,0,0
45448,1,0,0
45449,1,0,0
45450,1,0,0
45451,1,0,0
45452,1,0,0
45453,1,0,0
45454,1,0,0
45455,1,0,0
45456,1,0,0
45457,1,0,0
45458,1,0,0
45459,1,0,0
45460,1,0,0
45461,1,0,0
45462,1,0,0
45463,1,0,0
45464,1,0,0
45465,1,0,0
45466,1,0,0
45467,1,0,0
45468,1,0,0
45469,1,0,0
45470,1,0,0
45471,1,0,0
45472,1,0,0
45473,1,0,0
45474,1,0,0
45475,1,0,0
45476,1,0,0
45477,1,0,0
45478,1,0,0
45479,1,0,0
45480,1,0,0
45481,1,0,0
45482,1,0,0
45483,1,0,0
45484,1,0,0
45485,1,0,0
45486,1,0,0
45487,1,0,0
45488,1,0,0
45489,1,0,0
45490,1,0,0
45491,1,0,0
45492,1,0,0
45493,1,0,0
45494,1,0,0
45495,1,0,0
45496,1,0,0
45497,1,0,0
45498,1,0,0
45499,1,0,0
45500,1,0,0
45501,1,0,0
45502,1,0,0
45503,1,0,0
45504,1,0,0
45505,1,0,0
45506,1,0,0
45507,1,0,0
45508,1,0,0
45509,1,0,0
45510,1,0,0
45511,1,0,0
45512,1,0,0
45513,1,0,0
45514,1,0,0
45515,1,0,0
45516,1,0,0
45517,1,0,0
45518,1,0,0
45519,1,0,0
45520,1,0,0
45521,1,0,0
45522,1,0,0
45523,1,0,0
45524,1,0,0
45525,1,0,0
45526,1,0,0
45527,1,0,0
45528,1,0,0
45529,1,0,0
45530,1,0,0
45531,1,0,0
45532,1,0,0
45533,1,0,0
45534,1,0,0
45535,1,0,0
45536,1,0,0
45537,1,0,0
45538,1,0,0
45539,1,0,0
45540,1,0,0
45541,1,0,0
45542,1,0,0
45543,1,0,0
45544,1,0,0
45545,1,0,0
45546,1,0,0
45547,1,0,0
45548,1,0,0
45549,1,0,0
45550,1,0,0
45551,1,0,0
45552,1,0,0
45553,1,0,0
45554,1,0,0
45555,1,0,0
45556,1,0,0
45557,1,0,0
45558,1,0,0
45559,1,0,0
45560,1,0,0
45561,1,0,0
45562,1,0,0
45563,1,0,0
45564,1,0,0
45565,1,0,0
45566,1,0,0
45567,1,0,0
45568,1,0,0
45569,1,0,0
45570,1,0,0
45571,1,0,0
45572,1,0,0
45573,1,0,0
45574,1,0,0
45575,1,0,0
45576,1,0,0
45577,1,0,0
45578,1,0,0
45579,1,0,0
45580,1,0,0
45581,1,0,0
45582,1,0,0
45583,1,0,0
45584,1,0,0
45585,1,0,0
45586,1,0,0
45587,1,0,0
45588,1,0,0
45589,1,0,0
45590,1,0,0
45591,1,0,0
45592,1,0,0
45593,1,0,0
45594,1,0,0
45595,1,0,0
45596,1,0,0
45597,1,0,0
45598,1,0,0
45599,1,0,0
45600,1,0,0
45601,1,0,0
45602,1,0,0
45603,1,0,0
45604,1,0,0
45605,1,0,0
45606,1,0,0
45607,1,0,0
45608,1,0,0
45609,1,0,0
45610,1,0,0
45611,1,0,0
45612,1,0,0
45613,1,0,0
45614,1,0,0
45615,1,0,0
45616,1,0,0
45617,1,0,0
45618,1,0,0
45619,1,0,0
45620,1,0,0
45621,1,0,0
45622,1,0,0
45623,1,0,0
45624,1,0,0
45625,1,0,0
45626,1,0,0
45627,1,0,0
45628,1,0,0
45629,1,0,0
45630,1,0,0
45631,1,0,0
45632,1,0,0
45633,1,0,0
45634,1,0,0
45635,1,0,0
45636,1,0,0
45637,1,0,0
45638,1,0,0
45639,1,0,0
45640,1,0,0
45641,1,0,0
45642,1,0,0
45643,1,0,0
45644,1,0,0
45645,1,0,0
45646,1,0,0
45647,1,0,0
45648,1,0,0
45649,1,0,0
45650,1,0,0
45651,1,0,0
45652,1,0,0
45653,1,0,0
45654,1,0,0
45655,1,0,0
45656,1,0,0
45657,1,0,0
45658,1,0,0
45659,1,0,0
45660,1,0,0
45661,1,0,0
45662,1,0,0
45663,1,0,0
45664,1,0,0
45665,1,0,0
45666,1,0,0
45667,1,0,0
45668,1,0,0
45669,1,0,0
45670,1,0,0
45671,1,0,0
45672,1,0,0
45673,1,0,0
45674,1,0,0
45675,1,0,0
45676,1,0,0
45677,1,0,0
45678,1,0,0
45679,1,0,0
45680,1,0,0
45681,1,0,0
45682,1,0,0
45683,1,0,0
45684,1,0,0
45685,1,0,0
45686,1,0,0
45687,1,0,0
45688,1,0,0
45689,1,0,0
45690,1,0,0
45691,1,0,0
45692,1,0,0
45693,1,0,0
45694,1,0,0
45695,1,0,0
45696,1,0,0
45697,1,0,0
45698,1,0,0
45699,1,0,0
45700,1,0,0
45701,1,0,0
45702,1,0,0
45703,1,0,0
45704,1,0,0
45705,1,0,0
45706,1,0,0
45707,1,0,0
45708,1,0,0
45709,1,0,0
45710,1,0,0
45711,1,0,0
45712,1,0,0
45713,1,0,0
45714,1,0,0
45715,1,0,0
45716,1,0,0
45717,1,0,0
45718,1,0,0
45719,1,0,0
45720,1,0,0
45721,1,0,0
45722,1,0,0
45723,1,0,0
45724,1,0,0
45725,1,0,0
45726,1,0,0
45727,0,0,1
45728,0,0,1
45729,0,0,1
45730,0,0,1
45731,0,0,1
45732,0,0,1
45733,0,0,1
45734,0,0,1
45735,0,0,1
45736,0,0,1
45737,0,0,1
45738,0,0,1
45739,0,0,1
45740,0,0,1
45741,0,0,1
45742,0,0,1
45743,0,0,1
45744,0,0,1
45745,0,0,1
45746,0,0,1
45747,0,0,1
45748,0,0,1
45749,0,0,1
45750,0,0,1
45751,0,0,1
45752,0,0,1
45753,0,0,1
45754,0,0,1
45755,0,0,1
45756,0,0,1
45757,0,0,1
45758,0,0,1
45759,0,0,1
45760,0,0,1
45761,0,0,1
45762,0,0,1
45763,0,0,1
45764,0,0,1
45765,0,0,1
45766,0,0,1
45767,0,0,1
45768,0,0,1
45769,0,0,1
45770,0,0,1
45771,0,0,1
45772,0,0,1
45773,0,0,1
45774,0,0,1
45775,0,0,1
45776,0,0,1
45777,0,0,1
45778,0,0,1
45779,0,0,1
45780,0,0,1
45781,0,0,1
45782,0,0,1
45783,0,0,1
45784,0,0,1
45785,0,0,1
45786,0,0,1
45787,0,0,1
45788,0,0,1
45789,0,0,1
45790,0,0,1
45791,0,0,1
45792,0,0,1
45793,0,0,1
45794,0,0,1
45795,0,0,1
45796,0,0,1
45797,0,0,1
45798,0,0,1
45799,0,0,1
45800,0,0,1
45801,0,0,1
45802,0,0,1
45803,0,0,1
45804,0,0,1
45805,0,0,1
45806,0,0,1
45807,0,0,1
45808,0,0,1
45809,0,0,1
45810,0,0,1
45811,0,0,1
45812,0,0,1
45813,0,0,1
45814,0,0,1
45815,0,0,1
45816,0,0,1
45817,0,0,1
45818,0,0,1
45819,0,0,1
45820,0,0,1
45821,0,0,1
45822,0,0,1
45823,0,0,1
45824,0,0,1
45825,0,0,1
45826,0,0,1
45827,0,0,1
45828,0,0,1
45829,0,0,1
45830,0,0,1
45831,0,0,1
45832,0,0,1
45833,0,0,1
45834,0,0,1
45835,0,0,1
45836,0,0,1
45837,0,0,1
45838,0,0,1
45839,0,0,1
45840,0,0,1
45841,0,0,1
45842,0,0,1
45843,0,0,1
45844,0,0,1
45845,0,0,1
45846,0,0,1
45847,0,0,1
45848,0,0,1
45849,0,0,1
45850,0,0,1
45851,0,0,1
45852,0,0,1
45853,0,0,1
45854,0,0,1
45855,0,0,1
45856,0,0,1
45857,0,0,1
45858,0,0,1
45859,0,0,1
45860,0,0,1
45861,0,0,1
45862,0,0,1
45863,0,0,1
45864,0,0,1
45865,0,0,1
45866,0,0,1
45867,0,0,1
45868,0,0,1
45869,0,0,1
45870,0,0,1
45871,0,0,1
45872,0,0,1
45873,0,0,1
45874,0,0,1
45875,0,0,1
45876,0,0,1
45877,0,0,1
45878,0,0,1
45879,0,0,1
45880,0,0,1
45881,0,0,1
45882,0,0,1
45883,0,0,1
45884,0,0,1
45885,0,0,1
45886,0,0,1
45887,0,0,1
45888,0,0,1
45889,0,0,1
45890,0,0,1
45891,0,0,1
45892,0,0,1
45893,0,0,1
45894,0,0,1
45895,0,0,1
45896,0,0,1
45897,0,0,1
45898,0,0,1
45899,0,0,1
45900,0,0,1
45901,0,0,1
45902,0,0,1
45903,0,0,1
45904,0,0,1
45905,0,0,1
45906,0,0,1
45907,0,0,1
45908,0,0,1
45909,0,0,1
45910,0,0,1
45911,0,0,1
45912,0,0,1
45913,0,0,1
45914,0,0,1
45915,0,0,1
45916,0,0,1
45917,0,0,1
45918,0,0,1
45919,0,0,1
45920,0,0,1
45921,0,0,1
45922,0,0,1
45923,0,0,1
45924,0,0,1
45925,0,0,1
45926,0,0,1
45927,0,0,1
45928,0,0,1
45929,0,0,1
45930,0,0,1
45931,0,0,1
45932,0,0,1
45933,0,0,1
45934,0,0,1
45935,0,0,1
45936,0,0,1
45937,0,0,1
45938,0,0,1
45939,0,0,1
45940,0,0,1
45941,0,0,1
45942,0,0,1
45943,0,0,1
45944,0,0,1
45945,0,0,1
45946,0,0,1
45947,0,0,1
45948,0,0,1
45949,0,0,1
45950,0,0,1
45951,0,0,1
45952,0,0,1
45953,0,0,1
45954,0,0,1
45955,0,0,1
45956,0,0,1
45957,0,0,1
45958,0,0,1
45959,0,0,1
45960,0,0,1
45961,0,0,1
45962,0,0,1
45963,0,0,1
45964,0,0,1
45965,0,0,1
45966,0,0,1
45967,0,0,1
45968,0,0,1
45969,0,0,1
45970,0,0,1
45971,0,0,1
45972,0,0,1
45973,0,0,1
45974,0,0,1
45975,0,0,1
45976,0,0,1
45977,0,0,1
45978,0,0,1
45979,0,0,1
45980,0,0,1
45981,0,0,1
45982,0,0,1
45983,0,0,1
45984,0,0,1
45985,0,0,1
45986,0,0,1
45987,0,0,1
45988,0,0,1
45989,0,0,1
45990,1,0,0
45991,1,0,0
45992,1,0,0
45993,1,0,0
45994,1,0,0
45995,1,0,0
45996,1,0,0
45997,1,0,0
45998,1,0,0
45999,1,0,0
46000,1,0,0
46001,1,0,0
46002,1,0,0
46003,1,0,0
46004,1,0,0
46005,1,0,0
46006,1,0,0
46007,1,0,0
46008,1,0,0
46009,1,0,0
46010,1,0,0
46011,1,0,0
46012,1,0,0
46013,1,0,0
46014,1,0,0
46015,1,0,0
46016,1,0,0
46017,1,0,0
46018,1,0,0
46019,1,0,0
46020,1,0,0
46021,1,0,0
46022,1,0,0
46023,1,0,0
46024,1,0,0
46025,1,0,0
46026,1,0,0
46027,1,0,0
46028,1,0,0
46029,1,0,0
46030,1,0,0
46031,1,0,0
46032,1,0,0
46033,1,0,0
46034,1,0,0
46035,1,0,0
46036,1,0,0
46037,1,0,0
46038,1,0,0
46039,1,0,0
46040,1,0,0
46041,1,0,0
46042,1,0,0
46043,1,0,0
46044,1,0,0
46045,1,0,0
46046,1,0,0
46047,1,0,0
46048,1,0,0
46049,1,0,0
46050,1,0,0
46051,1,0,0
46052,1,0,0
46053,1,0,0
46054,1,0,0
46055,1,0,0
46056,1,0,0
46057,1,0,0
46058,1,0,0
46059,1,0,0
46060,1,0,0
46061,1,0,0
46062,1,0,0
46063,1,0,0
46064,1,0,0
46065,1,0,0
46066,1,0,0
46067,1,0,0
46068,1,0,0
46069,1,0,0
46070,1,0,0
46071,1,0,0
46072,1,0,0
46073,1,0,0
46074,1,0,0
46075,1,0,0
46076,1,0,0
46077,1,0,0
46078,1,0,0
46079,1,0,0
46080,1,0,0
46081,1,0,0
46082,1,0,0
46083,1,0,0
46084,1,0,0
46085,1,0,0
46086,1,0,0
46087,1,0,0
46088,1,0,0
46089,1,0,0
46090,1,0,0
46091,1,0,0
46092,1,0,0
46093,1,0,0
46094,1,0,0
46095,1,0,0
46096,1,0,0
46097,1,0,0
46098,1,0,0
46099,1,0,0
46100,1,0,0
46101,1,0,0
46102,1,0,0
46103,1,0,0
46104,1,0,0
46105,1,0,0
46106,1,0,0
46107,1,0,0
46108,1,0,0
46109,1,0,0
46110,1,0,0
46111,1,0,0
46112,1,0,0
46113,1,0,0
46114,1,0,0
46115,1,0,0
46116,1,0,0
46117,1,0,0
46118,1,0,0
46119,1,0,0
46120,1,0,0
46121,1,0,0
46122,1,0,0
46123,1,0,0
46124,1,0,0
46125,1,0,0
46126,1,0,0
46127,1,0,0
46128,1,0,0
46129,1,0,0
46130,1,0,0
46131,1,0,0
46132,1,0,0
46133,1,0,0
46134,1,0,0
46135,1,0,0
46136,1,0,0
46137,1,0,0
46138,1,0,0
46139,1,0,0
46140,1,0,0
46141,1,0,0
46142,1,0,0
46143,1,0,0
46144,1,0,0
46145,1,0,0
46146,1,0,0
46147,1,0,0
46148,1,0,0
46149,1,0,0
46150,1,0,0
46151,1,0,0
46152,1,0,0
46153,1,0,0
46154,1,0,0
46155,1,0,0
46156,1,0,0
46157,1,0,0
46158,1,0,0
46159,1,0,0
46160,1,0,0
46161,1,0,0
46162,1,0,0
46163,1,0,0
46164,1,0,0
46165,1,0,0
46166,1,0,0
46167,1,0,0
46168,1,0,0
46169,1,0,0
46170,1,0,0
46171,1,0,0
46172,1,0,0
46173,1,0,0
46174,1,0,0
46175,1,0,0
46176,1,0,0
46177,1,0,0
46178,1,0,0
46179,1,0,0
46180,1,0,0
46181,1,0,0
46182,1,0,0
46183,1,0,0
46184,1,0,0
46185,1,0,0
46186,1,0,0
46187,1,0,0
46188,1,0,0
46189,1,0,0
46190,1,0,0
46191,1,0,0
46192,1,0,0
46193,1,0,0
46194,1,0,0
46195,1,0,0
46196,1,0,0
46197,1,0,0
46198,1,0,0
46199,1,0,0
46200,1,0,0
46201,1,0,0
46202,1,0,0
46203,1,0,0
46204,1,0,0
46205,1,0,0
46206,1,0,0
46207,1,0,0
46208,1,0,0
46209,1,0,0
46210,1,0,0
46211,1,0,0
46212,1,0,0
46213,1,0,0
46214,1,0,0
46215,1,0,0
46216,1,0,0
46217,1,0,0
46218,1,0,0
46219,1,0,0
46220,1,0,0
46221,1,0,0
46222,1,0,0
46223,1,0,0
46224,1,0,0
46225,1,0,0
46226,1,0,0
46227,1,0,0
46228,1,0,0
46229,1,0,0
46230,1,0,0
46231,1,0,0
46232,1,0,0
46233,1,0,0
46234,1,0,0
46235,1,0,0
46236,1,0,0
46237,1,0,0
46238,1,0,0
46239,1,0,0
46240,1,0,0
46241,1,0,0
46242,1,0,0
46243,1,0,0
46244,1,0,0
46245,1,0,0
46246,1,0,0
46247,1,0,0
46248,1,0,0
46249,1,0,0
46250,1,0,0
46251,1,0,0
46252,1,0,0
46253,1,0,0
46254,1,0,0
46255,1,0,0
46256,1,0,0
46257,1,0,0
46258,1,0,0
46259,1,0,0
46260,1,0,0
46261,1,0,0
46262,1,0,0
46263,1,0,0
46264,1,0,0
46265,1,0,0
46266,1,0,0
46267,1,0,0
46268,1,0,0
46269,1,0,0
46270,1,0,0
46271,1,0,0
46272,1,0,0
46273,1,0,0
46274,1,0,0
46275,1,0,0
46276,1,0,0
46277,1,0,0
46278,1,0,0
46279,1,0,0
46280,1,0,0
46281,1,0,0
46282,1,0,0
46283,1,0,0
46284,1,0,0
46285,1,0,0
46286,1,0,0
46287,1,0,0
46288,1,0,0
46289,1,0,0
46290,1,0,0
46291,1,0,0
46292,1,0,0
46293,1,0,0
46294,1,0,0
46295,1,0,0
46296,1,0,0
46297,1,0,0
46298,1,0,0
46299,1,0,0
46300,1,0,0
46301,1,0,0
46302,1,0,0
46303,1,0,0
46304,1,0,0
46305,1,0,0
46306,1,0,0
46307,1,0,0
46308,1,0,0
46309,1,0,0
46310,1,0,0
46311,1,0,0
46312,1,0,0
46313,1,0,0
46314,1,0,0
46315,1,0,0
46316,1,0,0
46317,1,0,0
46318,1,0,0
46319,1,0,0
46320,1,0,0
46321,1,0,0
46322,1,0,0
46323,1,0,0
46324,1,0,0
46325,1,0,0
46326,1,0,0
46327,1,0,0
46328,1,0,0
46329,1,0,0
46330,1,0,0
46331,1,0,0
46332,1,0,0
46333,1,0,0
46334,1,0,0
46335,1,0,0
46336,1,0,0
46337,1,0,0
46338,1,0,0
46339,1,0,0
46340,1,0,0
46341,1,0,0
46342,1,0,0
46343,1,0,0
46344,1,0,0
46345,1,0,0
46346,1,0,0
46347,1,0,0
46348,1,0,0
46349,1,0,0
46350,1,0,0
46351,1,0,0
46352,1,0,0
46353,1,0,0
46354,1,0,0
46355,1,0,0
46356,1,0,0
46357,1,0,0
46358,1,0,0
46359,1,0,0
46360,1,0,0
46361,1,0,0
46362,1,0,0
46363,1,0,0
46364,1,0,0
46365,1,0,0
46366,1,0,0
46367,1,0,0
46368,1,0,0
46369,1,0,0
46370,1,0,0
46371,1,0,0
46372,1,0,0
46373,1,0,0
46374,1,0,0
46375,1,0,0
46376,1,0,0
46377,1,0,0
46378,1,0,0
46379,1,0,0
46380,1,0,0
46381,1,0,0
46382,1,0,0
46383,1,0,0
46384,1,0,0
46385,1,0,0
46386,1,0,0
46387,1,0,0
46388,1,0,0
46389,1,0,0
46390,1,0,0
46391,1,0,0
46392,1,0,0
46393,1,0,0
46394,1,0,0
46395,1,0,0
46396,1,0,0
46397,1,0,0
46398,1,0,0
46399,1,0,0
46400,1,0,0
46401,1,0,0
46402,1,0,0
46403,1,0,0
46404,1,0,0
46405,1,0,0
46406,1,0,0
46407,1,0,0
46408,1,0,0
46409,1,0,0
46410,1,0,0
46411,1,0,0
46412,1,0,0
46413,1,0,0
46414,1,0,0
46415,1,0,0
46416,1,0,0
46417,1,0,0
46418,1,0,0
46419,1,0,0
46420,1,0,0
46421,1,0,0
46422,1,0,0
46423,1,0,0
46424,1,0,0
46425,1,0,0
46426,1,0,0
46427,1,0,0
46428,1,0,0
46429,1,0,0
46430,1,0,0
46431,1,0,0
46432,1,0,0
46433,1,0,0
46434,1,0,0
46435,1,0,0
46436,1,0,0
46437,1,0,0
46438,1,0,0
46439,1,0,0
46440,1,0,0
46441,1,0,0
46442,1,0,0
46443,1,0,0
46444,1,0,0
46445,1,0,0
46446,1,0,0
46447,1,0,0
46448,1,0,0
46449,1,0,0
46450,1,0,0
46451,1,0,0
46452,1,0,0
46453,1,0,0
46454,1,0,0
46455,1,0,0
46456,1,0,0
46457,1,0,0
46458,1,0,0
46459,1,0,0
46460,1,0,0
46461,1,0,0
46462,1,0,0
46463,1,0,0
46464,1,0,0
46465,1,0,0
46466,1,0,0
46467,1,0,0
46468,1,0,0
46469,1,0,0
46470,1,0,0
46471,1,0,0
46472,1,0,0
46473,1,0,0
46474,1,0,0
46475,1,0,0
46476,1,0,0
46477,1,0,0
46478,1,0,0
46479,1,0,0
46480,1,0,0
46481,1,0,0
46482,1,0,0
46483,1,0,0
46484,1,0,0
46485,1,0,0
46486,1,0,0
46487,1,0,0
46488,1,0,0
46489,1,0,0
46490,1,0,0
46491,1,0,0
46492,1,0,0
46493,1,0,0
46494,1,0,0
46495,1,0,0
46496,1,0,0
46497,1,0,0
46498,1,0,0
46499,1,0,0
46500,1,0,0
46501,1,0,0
46502,1,0,0
46503,1,0,0
46504,1,0,0
46505,1,0,0
46506,1,0,0
46507,1,0,0
46508,1,0,0
46509,1,0,0
46510,1,0,0
46511,1,0,0
46512,1,0,0
46513,1,0,0
46514,1,0,0
46515,1,0,0
46516,1,0,0
46517,1,0,0
46518,1,0,0
46519,1,0,0
46520,1,0,0
46521,1,0,0
46522,1,0,0
46523,1,0,0
46524,1,0,0
46525,1,0,0
46526,1,0,0
46527,1,0,0
46528,1,0,0
46529,1,0,0
46530,1,0,0
46531,1,0,0
46532,1,0,0
46533,1,0,0
46534,1,0,0
46535,1,0,0
46536,1,0,0
46537,1,0,0
46538,1,0,0
46539,1,0,0
46540,1,0,0
46541,1,0,0
46542,1,0,0
46543,1,0,0
46544,1,0,0
46545,1,0,0
46546,1,0,0
46547,1,0,0
46548,1,0,0
46549,1,0,0
46550,1,0,0
46551,1,0,0
46552,1,0,0
46553,1,0,0
46554,1,0,0
46555,1,0,0
46556,1,0,0
46557,1,0,0
46558,1,0,0
46559,1,0,0
46560,1,0,0
46561,1,0,0
46562,1,0,0
46563,1,0,0
46564,1,0,0
46565,1,0,0
46566,1,0,0
46567,1,0,0
46568,1,0,0
46569,1,0,0
46570,1,0,0
46571,1,0,0
46572,1,0,0
46573,1,0,0
46574,1,0,0
46575,1,0,0
46576,1,0,0
46577,1,0,0
46578,1,0,0
46579,1,0,0
46580,1,0,0
46581,1,0,0
46582,1,0,0
46583,1,0,0
46584,1,0,0
46585,1,0,0
46586,1,0,0
46587,1,0,0
46588,1,0,0
46589,1,0,0
46590,1,0,0
46591,1,0,0
46592,1,0,0
46593,1,0,0
46594,1,0,0
46595,1,0,0
46596,1,0,0
46597,1,0,0
46598,1,0,0
46599,1,0,0
46600,1,0,0
46601,1,0,0
46602,1,0,0
46603,1,0,0
46604,1,0,0
46605,1,0,0
46606,1,0,0
46607,1,0,0
46608,1,0,0
46609,1,0,0
46610,1,0,0
46611,1,0,0
46612,1,0,0
46613,1,0,0
46614,1,0,0
46615,1,0,0
46616,1,0,0
46617,1,0,0
46618,1,0,0
46619,1,0,0
46620,1,0,0
46621,1,0,0
46622,1,0,0
46623,1,0,0
46624,1,0,0
46625,1,0,0
46626,1,0,0
46627,1,0,0
46628,1,0,0
46629,1,0,0
46630,1,0,0
46631,1,0,0
46632,1,0,0
46633,1,0,0
46634,1,0,0
46635,1,0,0
46636,1,0,0
46637,1,0,0
46638,1,0,0
46639,1,0,0
46640,1,0,0
46641,1,0,0
46642,1,0,0
46643,1,0,0
46644,1,0,0
46645,1,0,0
46646,1,0,0
46647,1,0,0
46648,1,0,0
46649,1,0,0
46650,1,0,0
46651,1,0,0
46652,1,0,0
46653,1,0,0
46654,1,0,0
46655,1,0,0
46656,1,0,0
46657,1,0,0
46658,1,0,0
46659,1,0,0
46660,1,0,0
46661,1,0,0
46662,1,0,0
46663,1,0,0
46664,1,0,0
46665,1,0,0
46666,1,0,0
46667,1,0,0
46668,1,0,0
46669,1,0,0
46670,1,0,0
46671,1,0,0
46672,1,0,0
46673,1,0,0
46674,1,0,0
46675,1,0,0
46676,1,0,0
46677,1,0,0
46678,1,0,0
46679,1,0,0
46680,1,0,0
46681,1,0,0
46682,1,0,0
46683,1,0,0
46684,1,0,0
46685,1,0,0
46686,1,0,0
46687,1,0,0
46688,1,0,0
46689,1,0,0
46690,1,0,0
46691,1,0,0
46692,1,0,0
46693,1,0,0
46694,1,0,0
46695,1,0,0
46696,1,0,0
46697,1,0,0
46698,1,0,0
46699,1,0,0
46700,1,0,0
46701,1,0,0
46702,1,0,0
46703,1,0,0
46704,1,0,0
46705,1,0,0
46706,1,0,0
46707,1,0,0
46708,1,0,0
46709,1,0,0
46710,1,0,0
46711,1,0,0
46712,1,0,0
46713,1,0,0
46714,1,0,0
46715,1,0,0
46716,1,0,0
46717,1,0,0
46718,1,0,0
46719,1,0,0
46720,1,0,0
46721,1,0,0
46722,1,0,0
46723,1,0,0
46724,1,0,0
46725,1,0,0
46726,1,0,0
46727,1,0,0
46728,1,0,0
46729,1,0,0
46730,1,0,0
46731,1,0,0
46732,1,0,0
46733,1,0,0
46734,1,0,0
46735,1,0,0
46736,1,0,0
46737,1,0,0
46738,1,0,0
46739,1,0,0
46740,1,0,0
46741,1,0,0
46742,1,0,0
46743,1,0,0
46744,1,0,0
46745,1,0,0
46746,1,0,0
46747,1,0,0
46748,1,0,0
46749,1,0,0
46750,1,0,0
46751,1,0,0
46752,1,0,0
46753,1,0,0
46754,1,0,0
46755,1,0,0
46756,1,0,0
46757,1,0,0
46758,1,0,0
46759,1,0,0
46760,1,0,0
46761,1,0,0
46762,1,0,0
46763,1,0,0
46764,1,0,0
46765,1,0,0
46766,1,0,0
46767,1,0,0
46768,1,0,0
46769,1,0,0
46770,1,0,0
46771,1,0,0
46772,1,0,0
46773,1,0,0
46774,1,0,0
46775,1,0,0
46776,1,0,0
46777,1,0,0
46778,1,0,0
46779,1,0,0
46780,1,0,0
46781,1,0,0
46782,1,0,0
46783,1,0,0
46784,1,0,0
46785,1,0,0
46786,1,0,0
46787,1,0,0
46788,1,0,0
46789,1,0,0
46790,1,0,0
46791,1,0,0
46792,1,0,0
46793,1,0,0
46794,1,0,0
46795,1,0,0
46796,1,0,0
46797,1,0,0
46798,1,0,0
46799,1,0,0
46800,1,0,0
46801,1,0,0
46802,1,0,0
46803,1,0,0
46804,1,0,0
46805,1,0,0
46806,1,0,0
46807,1,0,0
46808,1,0,0
46809,1,0,0
46810,1,0,0
46811,1,0,0
46812,1,0,0
46813,1,0,0
46814,1,0,0
46815,1,0,0
46816,1,0,0
46817,1,0,0
46818,1,0,0
46819,1,0,0
46820,1,0,0
46821,1,0,0
46822,1,0,0
46823,1,0,0
46824,1,0,0
46825,1,0,0
46826,1,0,0
46827,1,0,0
46828,1,0,0
46829,1,0,0
46830,1,0,0
46831,1,0,0
46832,1,0,0
46833,1,0,0
46834,1,0,0
46835,1,0,0
46836,1,0,0
46837,1,0,0
46838,1,0,0
46839,1,0,0
46840,1,0,0
46841,1,0,0
46842,1,0,0
46843,1,0,0
46844,1,0,0
46845,1,0,0
46846,1,0,0
46847,1,0,0
46848,1,0,0
46849,1,0,0
46850,1,0,0
46851,1,0,0
46852,1,0,0
46853,1,0,0
46854,1,0,0
46855,1,0,0
46856,1,0,0
46857,1,0,0
46858,1,0,0
46859,1,0,0
46860,1,0,0
46861,1,0,0
46862,1,0,0
46863,1,0,0
46864,1,0,0
46865,1,0,0
46866,1,0,0
46867,1,0,0
46868,1,0,0
46869,1,0,0
46870,1,0,0
46871,1,0,0
46872,1,0,0
46873,1,0,0
46874,1,0,0
46875,1,0,0
46876,1,0,0
46877,1,0,0
46878,1,0,0
46879,1,0,0
46880,1,0,0
46881,1,0,0
46882,1,0,0
46883,1,0,0
46884,1,0,0
46885,1,0,0
46886,1,0,0
46887,1,0,0
46888,1,0,0
46889,1,0,0
46890,1,0,0
46891,1,0,0
46892,1,0,0
46893,1,0,0
46894,1,0,0
46895,1,0,0
46896,1,0,0
46897,1,0,0
46898,1,0,0
46899,1,0,0
46900,1,0,0
46901,1,0,0
46902,1,0,0
46903,1,0,0
46904,1,0,0
46905,1,0,0
46906,1,0,0
46907,1,0,0
46908,1,0,0
46909,1,0,0
46910,1,0,0
46911,1,0,0
46912,1,0,0
46913,1,0,0
46914,1,0,0
46915,1,0,0
46916,1,0,0
46917,1,0,0
46918,1,0,0
46919,1,0,0
46920,1,0,0
46921,1,0,0
46922,1,0,0
46923,1,0,0
46924,1,0,0
46925,1,0,0
46926,1,0,0
46927,1,0,0
46928,1,0,0
46929,1,0,0
46930,1,0,0
46931,1,0,0
46932,1,0,0
46933,1,0,0
46934,1,0,0
46935,1,0,0
46936,1,0,0
46937,1,0,0
46938,1,0,0
46939,1,0,0
46940,1,0,0
46941,1,0,0
46942,1,0,0
46943,1,0,0
46944,1,0,0
46945,1,0,0
46946,1,0,0
46947,1,0,0
46948,1,0,0
46949,1,0,0
46950,1,0,0
46951,1,0,0
46952,1,0,0
46953,1,0,0
46954,1,0,0
46955,1,0,0
46956,1,0,0
46957,1,0,0
46958,1,0,0
46959,1,0,0
46960,1,0,0
46961,1,0,0
46962,1,0,0
46963,1,0,0
46964,1,0,0
46965,1,0,0
46966,1,0,0
46967,1,0,0
46968,1,0,0
46969,1,0,0
46970,1,0,0
46971,1,0,0
46972,1,0,0
46973,1,0,0
46974,1,0,0
46975,1,0,0
46976,1,0,0
46977,1,0,0
46978,1,0,0
46979,1,0,0
46980,1,0,0
46981,1,0,0
46982,1,0,0
46983,1,0,0
46984,1,0,0
46985,1,0,0
46986,1,0,0
46987,1,0,0
46988,1,0,0
46989,1,0,0
46990,1,0,0
46991,1,0,0
46992,1,0,0
46993,1,0,0
46994,1,0,0
46995,1,0,0
46996,1,0,0
46997,1,0,0
46998,1,0,0
46999,1,0,0
47000,1,0,0
47001,1,0,0
47002,1,0,0
47003,1,0,0
47004,1,0,0
47005,1,0,0
47006,1,0,0
47007,1,0,0
47008,1,0,0
47009,1,0,0
47010,1,0,0
47011,1,0,0
47012,1,0,0
47013,1,0,0
47014,1,0,0
47015,1,0,0
47016,1,0,0
47017,1,0,0
47018,1,0,0
47019,1,0,0
47020,1,0,0
47021,1,0,0
47022,1,0,0
47023,1,0,0
47024,1,0,0
47025,1,0,0
47026,1,0,0
47027,1,0,0
47028,1,0,0
47029,1,0,0
47030,1,0,0
47031,1,0,0
47032,1,0,0
47033,1,0,0
47034,1,0,0
47035,1,0,0
47036,1,0,0
47037,1,0,0
47038,1,0,0
47039,1,0,0
47040,1,0,0
47041,1,0,0
47042,1,0,0
47043,1,0,0
47044,1,0,0
47045,1,0,0
47046,1,0,0
47047,1,0,0
47048,1,0,0
47049,1,0,0
47050,1,0,0
47051,1,0,0
47052,1,0,0
47053,1,0,0
47054,1,0,0
47055,1,0,0
47056,1,0,0
47057,1,0,0
47058,1,0,0
47059,1,0,0
47060,1,0,0
47061,1,0,0
47062,1,0,0
47063,1,0,0
47064,1,0,0
47065,1,0,0
47066,1,0,0
47067,1,0,0
47068,1,0,0
47069,1,0,0
47070,1,0,0
47071,1,0,0
47072,1,0,0
47073,1,0,0
47074,1,0,0
47075,1,0,0
47076,1,0,0
47077,1,0,0
47078,1,0,0
47079,1,0,0
47080,1,0,0
47081,1,0,0
47082,1,0,0
47083,1,0,0
47084,1,0,0
47085,1,0,0
47086,1,0,0
47087,1,0,0
47088,1,0,0
47089,1,0,0
47090,1,0,0
47091,1,0,0
47092,1,0,0
47093,1,0,0
47094,1,0,0
47095,1,0,0
47096,1,0,0
47097,1,0,0
47098,1,0,0
47099,1,0,0
47100,1,0,0
47101,1,0,0
47102,1,0,0
47103,1,0,0
47104,1,0,0
47105,1,0,0
47106,1,0,0
47107,1,0,0
47108,1,0,0
47109,1,0,0
47110,1,0,0
47111,1,0,0
47112,1,0,0
47113,1,0,0
47114,1,0,0
47115,1,0,0
47116,1,0,0
47117,1,0,0
47118,1,0,0
47119,1,0,0
47120,1,0,0
47121,1,0,0
47122,1,0,0
47123,1,0,0
47124,1,0,0
47125,1,0,0
47126,1,0,0
47127,1,0,0
47128,1,0,0
47129,1,0,0
47130,1,0,0
47131,1,0,0
47132,1,0,0
47133,1,0,0
47134,1,0,0
47135,1,0,0
47136,1,0,0
47137,1,0,0
47138,1,0,0
47139,1,0,0
47140,1,0,0
47141,1,0,0
47142,1,0,0
47143,1,0,0
47144,1,0,0
47145,1,0,0
47146,1,0,0
47147,1,0,0
47148,1,0,0
47149,1,0,0
47150,1,0,0
47151,1,0,0
47152,1,0,0
47153,1,0,0
47154,1,0,0
47155,1,0,0
47156,1,0,0
47157,1,0,0
47158,1,0,0
47159,1,0,0
47160,1,0,0
47161,1,0,0
47162,1,0,0
47163,1,0,0
47164,1,0,0
47165,1,0,0
47166,1,0,0
47167,1,0,0
47168,1,0,0
47169,1,0,0
47170,1,0,0
47171,1,0,0
47172,1,0,0
47173,1,0,0
47174,1,0,0
47175,1,0,0
47176,1,0,0
47177,1,0,0
47178,0,0,1
47179,0,0,1
47180,0,0,1
47181,0,0,1
47182,0,0,1
47183,0,0,1
47184,0,0,1
47185,0,0,1
47186,0,0,1
47187,0,0,1
47188,0,0,1
47189,0,0,1
47190,1,0,0
47191,1,0,0
47192,1,0,0
47193,1,0,0
47194,1,0,0
47195,1,0,0
47196,1,0,0
47197,1,0,0
47198,1,0,0
47199,1,0,0
47200,1,0,0
47201,1,0,0
47202,1,0,0
47203,1,0,0
47204,1,0,0
47205,1,0,0
47206,1,0,0
47207,1,0,0
47208,1,0,0
47209,1,0,0
47210,1,0,0
47211,1,0,0
47212,1,0,0
47213,1,0,0
47214,1,0,0
47215,1,0,0
47216,1,0,0
47217,1,0,0
47218,1,0,0
47219,1,0,0
47220,1,0,0
47221,1,0,0
47222,1,0,0
47223,1,0,0
47224,1,0,0
47225,1,0,0
47226,1,0,0
47227,1,0,0
47228,1,0,0
47229,1,0,0
47230,1,0,0
47231,1,0,0
47232,1,0,0
47233,1,0,0
47234,1,0,0
47235,1,0,0
47236,1,0,0
47237,1,0,0
47238,1,0,0
47239,1,0,0
47240,1,0,0
47241,1,0,0
47242,1,0,0
47243,1,0,0
47244,1,0,0
47245,1,0,0
47246,1,0,0
47247,1,0,0
47248,1,0,0
47249,1,0,0
47250,1,0,0
47251,1,0,0
47252,1,0,0
47253,1,0,0
47254,1,0,0
47255,1,0,0
47256,1,0,0
47257,1,0,0
47258,1,0,0
47259,1,0,0
47260,1,0,0
47261,1,0,0
47262,1,0,0
47263,1,0,0
47264,1,0,0
47265,1,0,0
47266,1,0,0
47267,1,0,0
47268,1,0,0
47269,1,0,0
47270,1,0,0
47271,1,0,0
47272,1,0,0
47273,1,0,0
47274,1,0,0
47275,1,0,0
47276,1,0,0
47277,1,0,0
47278,1,0,0
47279,1,0,0
47280,1,0,0
47281,1,0,0
47282,1,0,0
47283,1,0,0
47284,1,0,0
47285,1,0,0
47286,1,0,0
47287,1,0,0
47288,1,0,0
47289,1,0,0
47290,1,0,0
47291,1,0,0
47292,1,0,0
47293,1,0,0
47294,1,0,0
47295,1,0,0
47296,1,0,0
47297,1,0,0
47298,1,0,0
47299,1,0,0
47300,1,0,0
47301,1,0,0
47302,1,0,0
47303,1,0,0
47304,1,0,0
47305,1,0,0
47306,1,0,0
47307,1,0,0
47308,1,0,0
47309,1,0,0
47310,1,0,0
47311,1,0,0
47312,1,0,0
47313,1,0,0
47314,1,0,0
47315,1,0,0
47316,1,0,0
47317,1,0,0
47318,1,0,0
47319,1,0,0
47320,1,0,0
47321,1,0,0
47322,1,0,0
47323,1,0,0
47324,1,0,0
47325,1,0,0
47326,1,0,0
47327,1,0,0
47328,1,0,0
47329,1,0,0
47330,1,0,0
47331,1,0,0
47332,1,0,0
47333,1,0,0
47334,1,0,0
47335,1,0,0
47336,1,0,0
47337,1,0,0
47338,1,0,0
47339,1,0,0
47340,1,0,0
47341,1,0,0
47342,1,0,0
47343,1,0,0
47344,1,0,0
47345,1,0,0
47346,1,0,0
47347,1,0,0
47348,1,0,0
47349,1,0,0
47350,1,0,0
47351,1,0,0
47352,1,0,0
47353,1,0,0
47354,1,0,0
47355,1,0,0
47356,1,0,0
47357,1,0,0
47358,1,0,0
47359,1,0,0
47360,1,0,0
47361,1,0,0
47362,1,0,0
47363,1,0,0
47364,1,0,0
47365,1,0,0
47366,1,0,0
47367,1,0,0
47368,1,0,0
47369,1,0,0
47370,1,0,0
47371,1,0,0
47372,1,0,0
47373,1,0,0
47374,1,0,0
47375,1,0,0
47376,1,0,0
47377,1,0,0
47378,1,0,0
47379,1,0,0
47380,1,0,0
47381,1,0,0
47382,1,0,0
47383,1,0,0
47384,1,0,0
47385,1,0,0
47386,1,0,0
47387,1,0,0
47388,1,0,0
47389,1,0,0
47390,1,0,0
47391,1,0,0
47392,1,0,0
47393,1,0,0
47394,1,0,0
47395,1,0,0
47396,1,0,0
47397,1,0,0
47398,1,0,0
47399,1,0,0
47400,1,0,0
47401,1,0,0
47402,1,0,0
47403,1,0,0
47404,1,0,0
47405,1,0,0
47406,1,0,0
47407,1,0,0
47408,1,0,0
47409,1,0,0
47410,1,0,0
47411,1,0,0
47412,1,0,0
47413,1,0,0
47414,1,0,0
47415,1,0,0
47416,1,0,0
47417,1,0,0
47418,1,0,0
47419,1,0,0
47420,1,0,0
47421,1,0,0
47422,1,0,0
47423,1,0,0
47424,1,0,0
47425,1,0,0
47426,1,0,0
47427,1,0,0
47428,1,0,0
47429,1,0,0
47430,1,0,0
47431,1,0,0
47432,1,0,0
47433,1,0,0
47434,1,0,0
47435,1,0,0
47436,1,0,0
47437,1,0,0
47438,1,0,0
47439,1,0,0
47440,1,0,0
47441,1,0,0
47442,1,0,0
47443,1,0,0
47444,1,0,0
47445,1,0,0
47446,1,0,0
47447,1,0,0
47448,1,0,0
47449,1,0,0
47450,1,0,0
47451,1,0,0
47452,1,0,0
47453,1,0,0
47454,1,0,0
47455,1,0,0
47456,1,0,0
47457,1,0,0
47458,1,0,0
47459,1,0,0
47460,1,0,0
47461,1,0,0
47462,1,0,0
47463,1,0,0
47464,1,0,0
47465,1,0,0
47466,1,0,0
47467,1,0,0
47468,1,0,0
47469,1,0,0
47470,1,0,0
47471,1,0,0
47472,1,0,0
47473,1,0,0
47474,1,0,0
47475,1,0,0
47476,1,0,0
47477,1,0,0
47478,1,0,0
47479,1,0,0
47480,1,0,0
47481,1,0,0
47482,1,0,0
47483,1,0,0
47484,1,0,0
47485,1,0,0
47486,1,0,0
47487,1,0,0
47488,1,0,0
47489,1,0,0
47490,1,0,0
47491,1,0,0
47492,1,0,0
47493,1,0,0
47494,1,0,0
47495,1,0,0
47496,1,0,0
47497,1,0,0
47498,1,0,0
47499,1,0,0
47500,1,0,0
47501,1,0,0
47502,1,0,0
47503,1,0,0
47504,1,0,0
47505,1,0,0
47506,1,0,0
47507,1,0,0
47508,1,0,0
47509,1,0,0
47510,1,0,0
47511,1,0,0
47512,1,0,0
47513,1,0,0
47514,1,0,0
47515,1,0,0
47516,1,0,0
47517,1,0,0
47518,1,0,0
47519,1,0,0
47520,1,0,0
47521,1,0,0
47522,1,0,0
47523,1,0,0
47524,1,0,0
47525,1,0,0
47526,1,0,0
47527,1,0,0
47528,1,0,0
47529,1,0,0
47530,1,0,0
47531,1,0,0
47532,1,0,0
47533,1,0,0
47534,1,0,0
47535,1,0,0
47536,1,0,0
47537,1,0,0
47538,1,0,0
47539,1,0,0
47540,1,0,0
47541,1,0,0
47542,1,0,0
47543,1,0,0
47544,1,0,0
47545,1,0,0
47546,1,0,0
47547,1,0,0
47548,1,0,0
47549,1,0,0
47550,1,0,0
47551,1,0,0
47552,1,0,0
47553,1,0,0
47554,1,0,0
47555,1,0,0
47556,1,0,0
47557,1,0,0
47558,1,0,0
47559,1,0,0
47560,1,0,0
47561,1,0,0
47562,1,0,0
47563,1,0,0
47564,1,0,0
47565,1,0,0
47566,1,0,0
47567,1,0,0
47568,1,0,0
47569,1,0,0
47570,1,0,0
47571,1,0,0
47572,1,0,0
47573,1,0,0
47574,1,0,0
47575,1,0,0
47576,1,0,0
47577,1,0,0
47578,1,0,0
47579,1,0,0
47580,1,0,0
47581,1,0,0
47582,1,0,0
47583,1,0,0
47584,1,0,0
47585,1,0,0
47586,1,0,0
47587,1,0,0
47588,1,0,0
47589,1,0,0
47590,1,0,0
47591,1,0,0
47592,1,0,0
47593,1,0,0
47594,1,0,0
47595,1,0,0
47596,1,0,0
47597,1,0,0
47598,1,0,0
47599,1,0,0
47600,1,0,0
47601,1,0,0
47602,1,0,0
47603,1,0,0
47604,1,0,0
47605,1,0,0
47606,1,0,0
47607,1,0,0
47608,1,0,0
47609,1,0,0
47610,1,0,0
47611,1,0,0
47612,1,0,0
47613,1,0,0
47614,1,0,0
47615,1,0,0
47616,1,0,0
47617,1,0,0
47618,1,0,0
47619,1,0,0
47620,1,0,0
47621,1,0,0
47622,1,0,0
47623,1,0,0
47624,1,0,0
47625,1,0,0
47626,1,0,0
47627,1,0,0
47628,1,0,0
47629,1,0,0
47630,1,0,0
47631,1,0,0
47632,1,0,0
47633,1,0,0
47634,1,0,0
47635,1,0,0
47636,1,0,0
47637,1,0,0
47638,1,0,0
47639,1,0,0
47640,1,0,0
47641,1,0,0
47642,1,0,0
47643,1,0,0
47644,1,0,0
47645,1,0,0
47646,1,0,0
47647,1,0,0
47648,1,0,0
47649,1,0,0
47650,1,0,0
47651,1,0,0
47652,1,0,0
47653,1,0,0
47654,1,0,0
47655,1,0,0
47656,1,0,0
47657,1,0,0
47658,1,0,0
47659,1,0,0
47660,1,0,0
47661,1,0,0
47662,1,0,0
47663,1,0,0
47664,1,0,0
47665,1,0,0
47666,1,0,0
47667,1,0,0
47668,1,0,0
47669,1,0,0
47670,1,0,0
47671,1,0,0
47672,1,0,0
47673,1,0,0
47674,1,0,0
47675,1,0,0
47676,1,0,0
47677,1,0,0
47678,1,0,0
47679,1,0,0
47680,1,0,0
47681,1,0,0
47682,1,0,0
47683,1,0,0
47684,1,0,0
47685,1,0,0
47686,1,0,0
47687,1,0,0
47688,1,0,0
47689,1,0,0
47690,1,0,0
47691,1,0,0
47692,1,0,0
47693,1,0,0
47694,1,0,0
47695,1,0,0
47696,1,0,0
47697,1,0,0
47698,1,0,0
47699,1,0,0
47700,1,0,0
47701,1,0,0
47702,1,0,0
47703,1,0,0
47704,1,0,0
47705,1,0,0
47706,1,0,0
47707,1,0,0
47708,1,0,0
47709,1,0,0
47710,1,0,0
47711,1,0,0
47712,1,0,0
47713,1,0,0
47714,1,0,0
47715,1,0,0
47716,1,0,0
47717,1,0,0
47718,1,0,0
47719,1,0,0
47720,1,0,0
47721,1,0,0
47722,1,0,0
47723,1,0,0
47724,1,0,0
47725,1,0,0
47726,1,0,0
47727,1,0,0
47728,1,0,0
47729,1,0,0
47730,1,0,0
47731,1,0,0
47732,1,0,0
47733,1,0,0
47734,1,0,0
47735,1,0,0
47736,1,0,0
47737,1,0,0
47738,1,0,0
47739,1,0,0
47740,1,0,0
47741,1,0,0
47742,1,0,0
47743,1,0,0
47744,1,0,0
47745,1,0,0
47746,1,0,0
47747,1,0,0
47748,1,0,0
47749,1,0,0
47750,1,0,0
47751,1,0,0
47752,1,0,0
47753,1,0,0
47754,1,0,0
47755,1,0,0
47756,1,0,0
47757,1,0,0
47758,1,0,0
47759,1,0,0
47760,1,0,0
47761,1,0,0
47762,1,0,0
47763,1,0,0
47764,1,0,0
47765,1,0,0
47766,1,0,0
47767,1,0,0
47768,1,0,0
47769,1,0,0
47770,1,0,0
47771,1,0,0
47772,1,0,0
47773,1,0,0
47774,1,0,0
47775,1,0,0
47776,1,0,0
47777,1,0,0
47778,1,0,0
47779,1,0,0
47780,1,0,0
47781,1,0,0
47782,1,0,0
47783,1,0,0
47784,1,0,0
47785,1,0,0
47786,1,0,0
47787,1,0,0
47788,1,0,0
47789,1,0,0
47790,1,0,0
47791,1,0,0
47792,1,0,0
47793,1,0,0
47794,1,0,0
47795,1,0,0
47796,1,0,0
47797,1,0,0
47798,1,0,0
47799,1,0,0
47800,1,0,0
47801,1,0,0
47802,1,0,0
47803,1,0,0
47804,1,0,0
47805,1,0,0
47806,1,0,0
47807,1,0,0
47808,1,0,0
47809,1,0,0
47810,1,0,0
47811,1,0,0
47812,1,0,0
47813,1,0,0
47814,1,0,0
47815,1,0,0
47816,1,0,0
47817,1,0,0
47818,1,0,0
47819,1,0,0
47820,1,0,0
47821,1,0,0
47822,1,0,0
47823,1,0,0
47824,1,0,0
47825,1,0,0
47826,1,0,0
47827,1,0,0
47828,1,0,0
47829,1,0,0
47830,1,0,0
47831,1,0,0
47832,1,0,0
47833,1,0,0
47834,1,0,0
47835,1,0,0
47836,1,0,0
47837,1,0,0
47838,1,0,0
47839,1,0,0
47840,1,0,0
47841,1,0,0
47842,1,0,0
47843,1,0,0
47844,1,0,0
47845,1,0,0
47846,1,0,0
47847,1,0,0
47848,1,0,0
47849,1,0,0
47850,1,0,0
47851,1,0,0
47852,1,0,0
47853,1,0,0
47854,1,0,0
47855,1,0,0
47856,1,0,0
47857,1,0,0
47858,1,0,0
47859,1,0,0
47860,1,0,0
47861,1,0,0
47862,1,0,0
47863,1,0,0
47864,1,0,0
47865,1,0,0
47866,1,0,0
47867,1,0,0
47868,1,0,0
47869,1,0,0
47870,1,0,0
47871,1,0,0
47872,1,0,0
47873,1,0,0
47874,1,0,0
47875,1,0,0
47876,1,0,0
47877,1,0,0
47878,1,0,0
47879,1,0,0
47880,1,0,0
47881,1,0,0
47882,1,0,0
47883,1,0,0
47884,1,0,0
47885,1,0,0
47886,1,0,0
47887,1,0,0
47888,1,0,0
47889,1,0,0
47890,1,0,0
47891,1,0,0
47892,1,0,0
47893,1,0,0
47894,1,0,0
47895,1,0,0
47896,1,0,0
47897,1,0,0
47898,1,0,0
47899,1,0,0
47900,1,0,0
47901,1,0,0
47902,1,0,0
47903,1,0,0
47904,1,0,0
47905,1,0,0
47906,1,0,0
47907,1,0,0
47908,1,0,0
47909,1,0,0
47910,1,0,0
47911,1,0,0
47912,1,0,0
47913,1,0,0
47914,1,0,0
47915,1,0,0
47916,1,0,0
47917,1,0,0
47918,1,0,0
47919,1,0,0
47920,1,0,0
47921,1,0,0
47922,1,0,0
47923,1,0,0
47924,1,0,0
47925,1,0,0
47926,1,0,0
47927,1,0,0
47928,1,0,0
47929,1,0,0
47930,1,0,0
47931,1,0,0
47932,1,0,0
47933,1,0,0
47934,1,0,0
47935,1,0,0
47936,1,0,0
47937,1,0,0
47938,1,0,0
47939,1,0,0
47940,1,0,0
47941,1,0,0
47942,1,0,0
47943,1,0,0
47944,1,0,0
47945,1,0,0
47946,1,0,0
47947,1,0,0
47948,1,0,0
47949,1,0,0
47950,1,0,0
47951,1,0,0
47952,1,0,0
47953,1,0,0
47954,1,0,0
47955,1,0,0
47956,1,0,0
47957,1,0,0
47958,1,0,0
47959,1,0,0
47960,1,0,0
47961,1,0,0
47962,1,0,0
47963,1,0,0
47964,1,0,0
47965,1,0,0
47966,1,0,0
47967,1,0,0
47968,1,0,0
47969,1,0,0
47970,1,0,0
47971,1,0,0
47972,1,0,0
47973,1,0,0
47974,1,0,0
47975,1,0,0
47976,1,0,0
47977,1,0,0
47978,1,0,0
47979,1,0,0
47980,1,0,0
47981,1,0,0
47982,1,0,0
47983,1,0,0
47984,1,0,0
47985,1,0,0
47986,1,0,0
47987,1,0,0
47988,1,0,0
47989,1,0,0
47990,1,0,0
47991,1,0,0
47992,1,0,0
47993,1,0,0
47994,1,0,0
47995,1,0,0
47996,1,0,0
47997,1,0,0
47998,1,0,0
47999,1,0,0
48000,1,0,0
48001,1,0,0
48002,1,0,0
48003,1,0,0
48004,1,0,0
48005,1,0,0
48006,1,0,0
48007,1,0,0
48008,1,0,0
48009,1,0,0
48010,1,0,0
48011,1,0,0
48012,1,0,0
48013,1,0,0
48014,1,0,0
48015,1,0,0
48016,1,0,0
48017,1,0,0
48018,1,0,0
48019,1,0,0
48020,1,0,0
48021,1,0,0
48022,1,0,0
48023,1,0,0
48024,1,0,0
48025,1,0,0
48026,1,0,0
48027,1,0,0
48028,1,0,0
48029,1,0,0
48030,1,0,0
48031,1,0,0
48032,1,0,0
48033,1,0,0
48034,1,0,0
48035,1,0,0
48036,1,0,0
48037,1,0,0
48038,1,0,0
48039,1,0,0
48040,1,0,0
48041,1,0,0
48042,1,0,0
48043,1,0,0
48044,1,0,0
48045,1,0,0
48046,1,0,0
48047,1,0,0
48048,1,0,0
48049,1,0,0
48050,1,0,0
48051,1,0,0
48052,1,0,0
48053,1,0,0
48054,1,0,0
48055,1,0,0
48056,1,0,0
48057,1,0,0
48058,1,0,0
48059,1,0,0
48060,1,0,0
48061,1,0,0
48062,1,0,0
48063,1,0,0
48064,1,0,0
48065,1,0,0
48066,1,0,0
48067,1,0,0
48068,1,0,0
48069,1,0,0
48070,1,0,0
48071,1,0,0
48072,1,0,0
48073,1,0,0
48074,1,0,0
48075,1,0,0
48076,1,0,0
48077,1,0,0
48078,1,0,0
48079,1,0,0
48080,1,0,0
48081,1,0,0
48082,1,0,0
48083,1,0,0
48084,1,0,0
48085,1,0,0
48086,1,0,0
48087,1,0,0
48088,1,0,0
48089,1,0,0
48090,1,0,0
48091,1,0,0
48092,1,0,0
48093,1,0,0
48094,1,0,0
48095,1,0,0
48096,1,0,0
48097,1,0,0
48098,1,0,0
48099,1,0,0
48100,1,0,0
48101,1,0,0
48102,1,0,0
48103,1,0,0
48104,1,0,0
48105,1,0,0
48106,1,0,0
48107,1,0,0
48108,1,0,0
48109,1,0,0
48110,1,0,0
48111,1,0,0
48112,1,0,0
48113,1,0,0
48114,1,0,0
48115,1,0,0
48116,1,0,0
48117,1,0,0
48118,1,0,0
48119,1,0,0
48120,1,0,0
48121,1,0,0
48122,1,0,0
48123,1,0,0
48124,1,0,0
48125,1,0,0
48126,1,0,0
48127,1,0,0
48128,1,0,0
48129,1,0,0
48130,1,0,0
48131,1,0,0
48132,1,0,0
48133,1,0,0
48134,1,0,0
48135,1,0,0
48136,1,0,0
48137,1,0,0
48138,1,0,0
48139,1,0,0
48140,1,0,0
48141,1,0,0
48142,1,0,0
48143,1,0,0
48144,1,0,0
48145,1,0,0
48146,1,0,0
48147,1,0,0
48148,1,0,0
48149,1,0,0
48150,1,0,0
48151,1,0,0
48152,1,0,0
48153,1,0,0
48154,1,0,0
48155,1,0,0
48156,1,0,0
48157,1,0,0
48158,1,0,0
48159,1,0,0
48160,1,0,0
48161,1,0,0
48162,1,0,0
48163,1,0,0
48164,1,0,0
48165,1,0,0
48166,1,0,0
48167,1,0,0
48168,1,0,0
48169,1,0,0
48170,1,0,0
48171,1,0,0
48172,1,0,0
48173,1,0,0
48174,1,0,0
48175,1,0,0
48176,1,0,0
48177,1,0,0
48178,1,0,0
48179,1,0,0
48180,1,0,0
48181,1,0,0
48182,1,0,0
48183,1,0,0
48184,1,0,0
48185,1,0,0
48186,1,0,0
48187,1,0,0
48188,1,0,0
48189,1,0,0
48190,1,0,0
48191,1,0,0
48192,1,0,0
48193,1,0,0
48194,1,0,0
48195,1,0,0
48196,1,0,0
48197,1,0,0
48198,1,0,0
48199,1,0,0
48200,1,0,0
48201,1,0,0
48202,1,0,0
48203,1,0,0
48204,1,0,0
48205,1,0,0
48206,1,0,0
48207,1,0,0
48208,1,0,0
48209,1,0,0
48210,1,0,0
48211,1,0,0
48212,1,0,0
48213,1,0,0
48214,1,0,0
48215,1,0,0
48216,1,0,0
48217,1,0,0
48218,1,0,0
48219,1,0,0
48220,1,0,0
48221,1,0,0
48222,1,0,0
48223,1,0,0
48224,1,0,0
48225,1,0,0
48226,1,0,0
48227,1,0,0
48228,1,0,0
48229,1,0,0
48230,1,0,0
48231,1,0,0
48232,1,0,0
48233,1,0,0
48234,1,0,0
48235,1,0,0
48236,1,0,0
48237,1,0,0
48238,1,0,0
48239,1,0,0
48240,1,0,0
48241,1,0,0
48242,1,0,0
48243,1,0,0
48244,1,0,0
48245,1,0,0
48246,1,0,0
48247,1,0,0
48248,1,0,0
48249,1,0,0
48250,1,0,0
48251,1,0,0
48252,1,0,0
48253,1,0,0
48254,1,0,0
48255,1,0,0
48256,1,0,0
48257,1,0,0
48258,1,0,0
48259,1,0,0
48260,1,0,0
48261,1,0,0
48262,1,0,0
48263,1,0,0
48264,1,0,0
48265,1,0,0
48266,1,0,0
48267,1,0,0
48268,1,0,0
48269,1,0,0
48270,1,0,0
48271,1,0,0
48272,1,0,0
48273,1,0,0
48274,1,0,0
48275,1,0,0
48276,1,0,0
48277,1,0,0
48278,1,0,0
48279,1,0,0
48280,1,0,0
48281,1,0,0
48282,1,0,0
48283,1,0,0
48284,1,0,0
48285,1,0,0
48286,1,0,0
48287,1,0,0
48288,1,0,0
48289,1,0,0
48290,1,0,0
48291,1,0,0
48292,1,0,0
48293,1,0,0
48294,1,0,0
48295,1,0,0
48296,1,0,0
48297,1,0,0
48298,1,0,0
48299,1,0,0
48300,1,0,0
48301,1,0,0
48302,1,0,0
48303,1,0,0
48304,1,0,0
48305,1,0,0
48306,1,0,0
48307,1,0,0
48308,1,0,0
48309,1,0,0
48310,1,0,0
48311,1,0,0
48312,1,0,0
48313,1,0,0
48314,1,0,0
48315,1,0,0
48316,1,0,0
48317,1,0,0
48318,1,0,0
48319,1,0,0
48320,1,0,0
48321,1,0,0
48322,1,0,0
48323,1,0,0
48324,1,0,0
48325,1,0,0
48326,1,0,0
48327,1,0,0
48328,1,0,0
48329,1,0,0
48330,1,0,0
48331,1,0,0
48332,1,0,0
48333,1,0,0
48334,1,0,0
48335,1,0,0
48336,1,0,0
48337,1,0,0
48338,1,0,0
48339,1,0,0
48340,1,0,0
48341,1,0,0
48342,1,0,0
48343,1,0,0
48344,1,0,0
48345,1,0,0
48346,1,0,0
48347,1,0,0
48348,1,0,0
48349,1,0,0
48350,1,0,0
48351,1,0,0
48352,1,0,0
48353,1,0,0
48354,1,0,0
48355,1,0,0
48356,1,0,0
48357,1,0,0
48358,1,0,0
48359,1,0,0
48360,1,0,0
48361,1,0,0
48362,1,0,0
48363,1,0,0
48364,1,0,0
48365,1,0,0
48366,1,0,0
48367,1,0,0
48368,1,0,0
48369,1,0,0
48370,1,0,0
48371,1,0,0
48372,1,0,0
48373,1,0,0
48374,1,0,0
48375,1,0,0
48376,1,0,0
48377,1,0,0
48378,1,0,0
48379,1,0,0
48380,1,0,0
48381,1,0,0
48382,1,0,0
48383,1,0,0
48384,1,0,0
48385,1,0,0
48386,1,0,0
48387,1,0,0
48388,1,0,0
48389,1,0,0
48390,1,0,0
48391,1,0,0
48392,1,0,0
48393,1,0,0
48394,1,0,0
48395,1,0,0
48396,1,0,0
48397,1,0,0
48398,1,0,0
48399,1,0,0
48400,1,0,0
48401,1,0,0
48402,1,0,0
48403,1,0,0
48404,1,0,0
48405,1,0,0
48406,1,0,0
48407,1,0,0
48408,1,0,0
48409,1,0,0
48410,1,0,0
48411,1,0,0
48412,1,0,0
48413,1,0,0
48414,1,0,0
48415,1,0,0
48416,1,0,0
48417,1,0,0
48418,1,0,0
48419,1,0,0
48420,1,0,0
48421,1,0,0
48422,1,0,0
48423,1,0,0
48424,1,0,0
48425,1,0,0
48426,1,0,0
48427,1,0,0
48428,1,0,0
48429,1,0,0
48430,1,0,0
48431,1,0,0
48432,1,0,0
48433,1,0,0
48434,1,0,0
48435,1,0,0
48436,1,0,0
48437,1,0,0
48438,1,0,0
48439,1,0,0
48440,1,0,0
48441,1,0,0
48442,1,0,0
48443,1,0,0
48444,1,0,0
48445,1,0,0
48446,1,0,0
48447,1,0,0
48448,1,0,0
48449,1,0,0
48450,1,0,0
48451,1,0,0
48452,1,0,0
48453,1,0,0
48454,1,0,0
48455,1,0,0
48456,1,0,0
48457,1,0,0
48458,1,0,0
48459,1,0,0
48460,1,0,0
48461,1,0,0
48462,1,0,0
48463,1,0,0
48464,1,0,0
48465,1,0,0
48466,1,0,0
48467,1,0,0
48468,1,0,0
48469,1,0,0
48470,1,0,0
48471,1,0,0
48472,1,0,0
48473,1,0,0
48474,1,0,0
48475,1,0,0
48476,1,0,0
48477,1,0,0
48478,1,0,0
48479,1,0,0
48480,1,0,0
48481,1,0,0
48482,1,0,0
48483,1,0,0
48484,1,0,0
48485,1,0,0
48486,1,0,0
48487,1,0,0
48488,1,0,0
48489,1,0,0
48490,1,0,0
48491,1,0,0
48492,1,0,0
48493,1,0,0
48494,1,0,0
48495,1,0,0
48496,1,0,0
48497,1,0,0
48498,1,0,0
48499,1,0,0
48500,1,0,0
48501,1,0,0
48502,1,0,0
48503,1,0,0
48504,1,0,0
48505,1,0,0
48506,1,0,0
48507,1,0,0
48508,1,0,0
48509,1,0,0
48510,1,0,0
48511,1,0,0
48512,1,0,0
48513,1,0,0
48514,1,0,0
48515,1,0,0
48516,1,0,0
48517,1,0,0
48518,1,0,0
48519,1,0,0
48520,1,0,0
48521,1,0,0
48522,1,0,0
48523,1,0,0
48524,1,0,0
48525,1,0,0
48526,1,0,0
48527,1,0,0
48528,1,0,0
48529,1,0,0
48530,1,0,0
48531,1,0,0
48532,1,0,0
48533,1,0,0
48534,1,0,0
48535,1,0,0
48536,1,0,0
48537,1,0,0
48538,1,0,0
48539,1,0,0
48540,1,0,0
48541,1,0,0
48542,1,0,0
48543,1,0,0
48544,1,0,0
48545,1,0,0
48546,1,0,0
48547,1,0,0
48548,1,0,0
48549,1,0,0
48550,1,0,0
48551,1,0,0
48552,1,0,0
48553,1,0,0
48554,1,0,0
48555,1,0,0
48556,1,0,0
48557,1,0,0
48558,1,0,0
48559,1,0,0
48560,1,0,0
48561,1,0,0
48562,1,0,0
48563,1,0,0
48564,1,0,0
48565,1,0,0
48566,1,0,0
48567,1,0,0
48568,1,0,0
48569,1,0,0
48570,1,0,0
48571,1,0,0
48572,1,0,0
48573,1,0,0
48574,1,0,0
48575,1,0,0
48576,1,0,0
48577,1,0,0
48578,1,0,0
48579,1,0,0
48580,1,0,0
48581,1,0,0
48582,1,0,0
48583,1,0,0
48584,1,0,0
48585,1,0,0
48586,1,0,0
48587,1,0,0
48588,1,0,0
48589,1,0,0
48590,1,0,0
48591,1,0,0
48592,1,0,0
48593,1,0,0
48594,1,0,0
48595,1,0,0
48596,1,0,0
48597,1,0,0
48598,1,0,0
48599,1,0,0
48600,1,0,0
48601,1,0,0
48602,1,0,0
48603,1,0,0
48604,1,0,0
48605,1,0,0
48606,1,0,0
48607,1,0,0
48608,1,0,0
48609,1,0,0
48610,1,0,0
48611,1,0,0
48612,1,0,0
48613,1,0,0
48614,1,0,0
48615,1,0,0
48616,1,0,0
48617,1,0,0
48618,1,0,0
48619,1,0,0
48620,1,0,0
48621,1,0,0
48622,1,0,0
48623,1,0,0
48624,1,0,0
48625,1,0,0
48626,1,0,0
48627,1,0,0
48628,1,0,0
48629,1,0,0
48630,1,0,0
48631,1,0,0
48632,1,0,0
48633,1,0,0
48634,1,0,0
48635,1,0,0
48636,1,0,0
48637,1,0,0
48638,1,0,0
48639,1,0,0
48640,1,0,0
48641,1,0,0
48642,1,0,0
48643,1,0,0
48644,1,0,0
48645,1,0,0
48646,1,0,0
48647,1,0,0
48648,1,0,0
48649,1,0,0
48650,1,0,0
48651,1,0,0
48652,1,0,0
48653,1,0,0
48654,1,0,0
48655,1,0,0
48656,1,0,0
48657,1,0,0
48658,1,0,0
48659,1,0,0
48660,1,0,0
48661,1,0,0
48662,1,0,0
48663,1,0,0
48664,1,0,0
48665,1,0,0
48666,1,0,0
48667,1,0,0
48668,1,0,0
48669,1,0,0
48670,1,0,0
48671,1,0,0
48672,1,0,0
48673,1,0,0
48674,1,0,0
48675,1,0,0
48676,1,0,0
48677,1,0,0
48678,1,0,0
48679,1,0,0
48680,1,0,0
48681,1,0,0
48682,1,0,0
48683,1,0,0
48684,1,0,0
48685,1,0,0
48686,1,0,0
48687,1,0,0
48688,1,0,0
48689,1,0,0
48690,1,0,0
48691,1,0,0
48692,1,0,0
48693,1,0,0
48694,1,0,0
48695,1,0,0
48696,1,0,0
48697,1,0,0
48698,1,0,0
48699,1,0,0
48700,1,0,0
48701,1,0,0
48702,1,0,0
48703,1,0,0
48704,1,0,0
48705,1,0,0
48706,1,0,0
48707,1,0,0
48708,1,0,0
48709,1,0,0
48710,1,0,0
48711,1,0,0
48712,1,0,0
48713,1,0,0
48714,1,0,0
48715,1,0,0
48716,1,0,0
48717,1,0,0
48718,1,0,0
48719,1,0,0
48720,1,0,0
48721,1,0,0
48722,1,0,0
48723,1,0,0
48724,1,0,0
48725,1,0,0
48726,1,0,0
48727,1,0,0
48728,1,0,0
48729,1,0,0
48730,1,0,0
48731,1,0,0
48732,1,0,0
48733,1,0,0
48734,1,0,0
48735,1,0,0
48736,1,0,0
48737,1,0,0
48738,1,0,0
48739,1,0,0
48740,1,0,0
48741,1,0,0
48742,1,0,0
48743,1,0,0
48744,1,0,0
48745,1,0,0
48746,1,0,0
48747,1,0,0
48748,1,0,0
48749,1,0,0
48750,1,0,0
48751,1,0,0
48752,1,0,0
48753,1,0,0
48754,1,0,0
48755,1,0,0
48756,1,0,0
48757,1,0,0
48758,1,0,0
48759,1,0,0
48760,1,0,0
48761,1,0,0
48762,1,0,0
48763,1,0,0
48764,1,0,0
48765,1,0,0
48766,1,0,0
48767,1,0,0
48768,1,0,0
48769,1,0,0
48770,1,0,0
48771,1,0,0
48772,1,0,0
48773,1,0,0
48774,1,0,0
48775,1,0,0
48776,1,0,0
48777,1,0,0
48778,1,0,0
48779,1,0,0
48780,1,0,0
48781,1,0,0
48782,1,0,0
48783,1,0,0
48784,1,0,0
48785,1,0,0
48786,1,0,0
48787,1,0,0
48788,1,0,0
48789,1,0,0
48790,1,0,0
48791,1,0,0
48792,1,0,0
48793,1,0,0
48794,1,0,0
48795,1,0,0
48796,1,0,0
48797,1,0,0
48798,1,0,0
48799,1,0,0
48800,1,0,0
48801,1,0,0
48802,1,0,0
48803,1,0,0
48804,1,0,0
48805,1,0,0
48806,1,0,0
48807,1,0,0
48808,1,0,0
48809,1,0,0
48810,1,0,0
48811,1,0,0
48812,1,0,0
48813,1,0,0
48814,1,0,0
48815,1,0,0
48816,1,0,0
48817,1,0,0
48818,1,0,0
48819,1,0,0
48820,1,0,0
48821,1,0,0
48822,1,0,0
48823,1,0,0
48824,1,0,0
48825,1,0,0
48826,1,0,0
48827,1,0,0
48828,1,0,0
48829,1,0,0
48830,1,0,0
48831,1,0,0
48832,1,0,0
48833,1,0,0
48834,1,0,0
48835,1,0,0
48836,1,0,0
48837,1,0,0
48838,1,0,0
48839,1,0,0
48840,1,0,0
48841,1,0,0
48842,1,0,0
48843,1,0,0
48844,1,0,0
48845,1,0,0
48846,1,0,0
48847,1,0,0
48848,1,0,0
48849,1,0,0
48850,1,0,0
48851,1,0,0
48852,1,0,0
48853,1,0,0
48854,1,0,0
48855,1,0,0
48856,1,0,0
48857,1,0,0
48858,1,0,0
48859,1,0,0
48860,1,0,0
48861,1,0,0
48862,1,0,0
48863,1,0,0
48864,1,0,0
48865,1,0,0
48866,1,0,0
48867,1,0,0
48868,1,0,0
48869,1,0,0
48870,1,0,0
48871,1,0,0
48872,1,0,0
48873,1,0,0
48874,1,0,0
48875,1,0,0
48876,1,0,0
48877,1,0,0
48878,1,0,0
48879,1,0,0
48880,1,0,0
48881,1,0,0
48882,1,0,0
48883,1,0,0
48884,1,0,0
48885,1,0,0
48886,1,0,0
48887,1,0,0
48888,1,0,0
48889,1,0,0
48890,1,0,0
48891,1,0,0
48892,1,0,0
48893,1,0,0
48894,1,0,0
48895,1,0,0
48896,1,0,0
48897,1,0,0
48898,1,0,0
48899,1,0,0
48900,1,0,0
48901,1,0,0
48902,1,0,0
48903,1,0,0
48904,1,0,0
48905,1,0,0
48906,1,0,0
48907,1,0,0
48908,1,0,0
48909,1,0,0
48910,1,0,0
48911,1,0,0
48912,1,0,0
48913,1,0,0
48914,1,0,0
48915,1,0,0
48916,1,0,0
48917,1,0,0
48918,1,0,0
48919,1,0,0
48920,1,0,0
48921,1,0,0
48922,1,0,0
48923,1,0,0
48924,1,0,0
48925,1,0,0
48926,1,0,0
48927,1,0,0
48928,1,0,0
48929,1,0,0
48930,1,0,0
48931,1,0,0
48932,1,0,0
48933,1,0,0
48934,1,0,0
48935,1,0,0
48936,1,0,0
48937,1,0,0
48938,1,0,0
48939,1,0,0
48940,1,0,0
48941,1,0,0
48942,1,0,0
48943,1,0,0
48944,1,0,0
48945,1,0,0
48946,1,0,0
48947,1,0,0
48948,1,0,0
48949,1,0,0
48950,1,0,0
48951,1,0,0
48952,1,0,0
48953,1,0,0
48954,1,0,0
48955,1,0,0
48956,1,0,0
48957,1,0,0
48958,1,0,0
48959,1,0,0
48960,1,0,0
48961,1,0,0
48962,1,0,0
48963,1,0,0
48964,1,0,0
48965,1,0,0
48966,1,0,0
48967,1,0,0
48968,1,0,0
48969,1,0,0
48970,1,0,0
48971,1,0,0
48972,1,0,0
48973,1,0,0
48974,1,0,0
48975,1,0,0
48976,1,0,0
48977,1,0,0
48978,1,0,0
48979,1,0,0
48980,1,0,0
48981,1,0,0
48982,1,0,0
48983,1,0,0
48984,1,0,0
48985,1,0,0
48986,1,0,0
48987,1,0,0
48988,1,0,0
48989,1,0,0
48990,1,0,0
48991,1,0,0
48992,1,0,0
48993,1,0,0
48994,1,0,0
48995,1,0,0
48996,1,0,0
48997,1,0,0
48998,1,0,0
48999,1,0,0
49000,1,0,0
49001,1,0,0
49002,1,0,0
49003,1,0,0
49004,1,0,0
49005,1,0,0
49006,1,0,0
49007,1,0,0
49008,1,0,0
49009,1,0,0
49010,1,0,0
49011,1,0,0
49012,1,0,0
49013,1,0,0
49014,1,0,0
49015,1,0,0
49016,1,0,0
49017,1,0,0
49018,1,0,0
49019,1,0,0
49020,1,0,0
49021,1,0,0
49022,1,0,0
49023,1,0,0
49024,1,0,0
49025,1,0,0
49026,1,0,0
49027,1,0,0
49028,1,0,0
49029,1,0,0
49030,1,0,0
49031,1,0,0
49032,1,0,0
49033,1,0,0
49034,1,0,0
49035,1,0,0
49036,1,0,0
49037,1,0,0
49038,1,0,0
49039,1,0,0
49040,1,0,0
49041,1,0,0
49042,1,0,0
49043,1,0,0
49044,1,0,0
49045,1,0,0
49046,1,0,0
49047,1,0,0
49048,1,0,0
49049,1,0,0
49050,1,0,0
49051,1,0,0
49052,1,0,0
49053,1,0,0
49054,1,0,0
49055,1,0,0
49056,1,0,0
49057,1,0,0
49058,1,0,0
49059,1,0,0
49060,1,0,0
49061,1,0,0
49062,1,0,0
49063,1,0,0
49064,1,0,0
49065,1,0,0
49066,1,0,0
49067,1,0,0
49068,1,0,0
49069,1,0,0
49070,1,0,0
49071,1,0,0
49072,1,0,0
49073,1,0,0
49074,1,0,0
49075,1,0,0
49076,1,0,0
49077,1,0,0
49078,1,0,0
49079,1,0,0
49080,1,0,0
49081,1,0,0
49082,1,0,0
49083,1,0,0
49084,1,0,0
49085,1,0,0
49086,1,0,0
49087,1,0,0
49088,1,0,0
49089,1,0,0
49090,1,0,0
49091,1,0,0
49092,1,0,0
49093,1,0,0
49094,1,0,0
49095,1,0,0
49096,1,0,0
49097,1,0,0
49098,1,0,0
49099,1,0,0
49100,1,0,0
49101,1,0,0
49102,1,0,0
49103,1,0,0
49104,1,0,0
49105,1,0,0
49106,1,0,0
49107,1,0,0
49108,1,0,0
49109,1,0,0
49110,1,0,0
49111,1,0,0
49112,1,0,0
49113,1,0,0
49114,1,0,0
49115,1,0,0
49116,1,0,0
49117,1,0,0
49118,1,0,0
49119,1,0,0
49120,1,0,0
49121,1,0,0
49122,1,0,0
49123,1,0,0
49124,1,0,0
49125,1,0,0
49126,1,0,0
49127,1,0,0
49128,1,0,0
49129,1,0,0
49130,1,0,0
49131,1,0,0
49132,1,0,0
49133,1,0,0
49134,1,0,0
49135,1,0,0
49136,1,0,0
49137,1,0,0
49138,1,0,0
49139,1,0,0
49140,1,0,0
49141,1,0,0
49142,1,0,0
49143,1,0,0
49144,1,0,0
49145,1,0,0
49146,1,0,0
49147,1,0,0
49148,1,0,0
49149,1,0,0
49150,1,0,0
49151,1,0,0
49152,1,0,0
49153,1,0,0
49154,1,0,0
49155,1,0,0
49156,1,0,0
49157,1,0,0
49158,1,0,0
49159,1,0,0
49160,1,0,0
49161,1,0,0
49162,1,0,0
49163,1,0,0
49164,1,0,0
49165,1,0,0
49166,1,0,0
49167,1,0,0
49168,1,0,0
49169,1,0,0
49170,1,0,0
49171,1,0,0
49172,1,0,0
49173,1,0,0
49174,1,0,0
49175,1,0,0
49176,1,0,0
49177,1,0,0
49178,1,0,0
49179,1,0,0
49180,1,0,0
49181,1,0,0
49182,1,0,0
49183,1,0,0
49184,1,0,0
49185,1,0,0
49186,1,0,0
49187,1,0,0
49188,1,0,0
49189,1,0,0
49190,1,0,0
49191,1,0,0
49192,1,0,0
49193,1,0,0
49194,1,0,0
49195,1,0,0
49196,1,0,0
49197,1,0,0
49198,1,0,0
49199,1,0,0
49200,1,0,0
49201,1,0,0
49202,1,0,0
49203,1,0,0
49204,1,0,0
49205,1,0,0
49206,1,0,0
49207,1,0,0
49208,1,0,0
49209,1,0,0
49210,1,0,0
49211,1,0,0
49212,1,0,0
49213,1,0,0
49214,1,0,0
49215,1,0,0
49216,1,0,0
49217,1,0,0
49218,1,0,0
49219,1,0,0
49220,1,0,0
49221,1,0,0
49222,1,0,0
49223,1,0,0
49224,1,0,0
49225,1,0,0
49226,1,0,0
49227,1,0,0
49228,1,0,0
49229,1,0,0
49230,1,0,0
49231,1,0,0
49232,1,0,0
49233,1,0,0
49234,1,0,0
49235,1,0,0
49236,1,0,0
49237,1,0,0
49238,1,0,0
49239,1,0,0
49240,1,0,0
49241,1,0,0
49242,1,0,0
49243,1,0,0
49244,1,0,0
49245,1,0,0
49246,1,0,0
49247,1,0,0
49248,1,0,0
49249,1,0,0
49250,1,0,0
49251,1,0,0
49252,1,0,0
49253,1,0,0
49254,1,0,0
49255,1,0,0
49256,1,0,0
49257,1,0,0
49258,1,0,0
49259,1,0,0
49260,1,0,0
49261,1,0,0
49262,1,0,0
49263,1,0,0
49264,1,0,0
49265,1,0,0
49266,1,0,0
49267,1,0,0
49268,1,0,0
49269,1,0,0
49270,1,0,0
49271,1,0,0
49272,1,0,0
49273,1,0,0
49274,1,0,0
49275,1,0,0
49276,1,0,0
49277,1,0,0
49278,1,0,0
49279,1,0,0
49280,1,0,0
49281,1,0,0
49282,1,0,0
49283,1,0,0
49284,1,0,0
49285,1,0,0
49286,1,0,0
49287,1,0,0
49288,1,0,0
49289,1,0,0
49290,1,0,0
49291,1,0,0
49292,1,0,0
49293,1,0,0
49294,1,0,0
49295,1,0,0
49296,1,0,0
49297,1,0,0
49298,1,0,0
49299,1,0,0
49300,1,0,0
49301,1,0,0
49302,1,0,0
49303,1,0,0
49304,1,0,0
49305,1,0,0
49306,1,0,0
49307,1,0,0
49308,1,0,0
49309,1,0,0
49310,1,0,0
49311,1,0,0
49312,1,0,0
49313,1,0,0
49314,1,0,0
49315,1,0,0
49316,1,0,0
49317,1,0,0
49318,1,0,0
49319,1,0,0
49320,1,0,0
49321,1,0,0
49322,1,0,0
49323,1,0,0
49324,1,0,0
49325,1,0,0
49326,1,0,0
49327,1,0,0
49328,1,0,0
49329,1,0,0
49330,1,0,0
49331,1,0,0
49332,1,0,0
49333,1,0,0
49334,1,0,0
49335,1,0,0
49336,1,0,0
49337,1,0,0
49338,1,0,0
49339,1,0,0
49340,1,0,0
49341,1,0,0
49342,1,0,0
49343,1,0,0
49344,1,0,0
49345,1,0,0
49346,1,0,0
49347,1,0,0
49348,1,0,0
49349,1,0,0
49350,1,0,0
49351,1,0,0
49352,1,0,0
49353,1,0,0
49354,1,0,0
49355,1,0,0
49356,1,0,0
49357,1,0,0
49358,1,0,0
49359,1,0,0
49360,1,0,0
49361,1,0,0
49362,1,0,0
49363,1,0,0
49364,1,0,0
49365,1,0,0
49366,1,0,0
49367,1,0,0
49368,1,0,0
49369,1,0,0
49370,1,0,0
49371,1,0,0
49372,1,0,0
49373,1,0,0
49374,1,0,0
49375,1,0,0
49376,1,0,0
49377,1,0,0
49378,1,0,0
49379,1,0,0
49380,1,0,0
49381,1,0,0
49382,1,0,0
49383,1,0,0
49384,1,0,0
49385,1,0,0
49386,1,0,0
49387,1,0,0
49388,1,0,0
49389,1,0,0
49390,1,0,0
49391,1,0,0
49392,1,0,0
49393,1,0,0
49394,1,0,0
49395,1,0,0
49396,1,0,0
49397,1,0,0
49398,1,0,0
49399,1,0,0
49400,1,0,0
49401,1,0,0
49402,1,0,0
49403,1,0,0
49404,1,0,0
49405,1,0,0
49406,1,0,0
49407,1,0,0
49408,1,0,0
49409,1,0,0
49410,1,0,0
49411,1,0,0
49412,1,0,0
49413,1,0,0
49414,1,0,0
49415,1,0,0
49416,1,0,0
49417,1,0,0
49418,1,0,0
49419,1,0,0
49420,1,0,0
49421,1,0,0
49422,1,0,0
49423,1,0,0
49424,1,0,0
49425,1,0,0
49426,1,0,0
49427,1,0,0
49428,1,0,0
49429,1,0,0
49430,1,0,0
49431,1,0,0
49432,1,0,0
49433,1,0,0
49434,1,0,0
49435,1,0,0
49436,1,0,0
49437,1,0,0
49438,1,0,0
49439,1,0,0
49440,1,0,0
49441,1,0,0
49442,1,0,0
49443,1,0,0
49444,1,0,0
49445,1,0,0
49446,1,0,0
49447,1,0,0
49448,1,0,0
49449,1,0,0
49450,1,0,0
49451,1,0,0
49452,1,0,0
49453,1,0,0
49454,1,0,0
49455,1,0,0
49456,1,0,0
49457,1,0,0
49458,1,0,0
49459,1,0,0
49460,1,0,0
49461,1,0,0
49462,1,0,0
49463,1,0,0
49464,1,0,0
49465,1,0,0
49466,1,0,0
49467,1,0,0
49468,1,0,0
49469,1,0,0
49470,1,0,0
49471,1,0,0
49472,1,0,0
49473,1,0,0
49474,1,0,0
49475,1,0,0
49476,1,0,0
49477,1,0,0
49478,1,0,0
49479,1,0,0
49480,1,0,0
49481,1,0,0
49482,1,0,0
49483,1,0,0
49484,1,0,0
49485,1,0,0
49486,1,0,0
49487,1,0,0
49488,1,0,0
49489,1,0,0
49490,1,0,0
49491,1,0,0
49492,1,0,0
49493,1,0,0
49494,1,0,0
49495,1,0,0
49496,1,0,0
49497,1,0,0
49498,1,0,0
49499,1,0,0
49500,1,0,0
49501,1,0,0
49502,1,0,0
49503,1,0,0
49504,1,0,0
49505,1,0,0
49506,1,0,0
49507,1,0,0
49508,1,0,0
49509,1,0,0
49510,1,0,0
49511,1,0,0
49512,1,0,0
49513,1,0,0
49514,1,0,0
49515,1,0,0
49516,1,0,0
49517,1,0,0
49518,1,0,0
49519,1,0,0
49520,1,0,0
49521,1,0,0
49522,1,0,0
49523,1,0,0
49524,1,0,0
49525,1,0,0
49526,1,0,0
49527,1,0,0
49528,1,0,0
49529,1,0,0
49530,1,0,0
49531,1,0,0
49532,1,0,0
49533,1,0,0
49534,1,0,0
49535,1,0,0
49536,1,0,0
49537,1,0,0
49538,1,0,0
49539,1,0,0
49540,1,0,0
49541,1,0,0
49542,1,0,0
49543,1,0,0
49544,1,0,0
49545,1,0,0
49546,1,0,0
49547,1,0,0
49548,1,0,0
49549,1,0,0
49550,1,0,0
49551,1,0,0
49552,1,0,0
49553,1,0,0
49554,1,0,0
49555,1,0,0
49556,1,0,0
49557,1,0,0
49558,1,0,0
49559,1,0,0
49560,1,0,0
49561,1,0,0
49562,1,0,0
49563,1,0,0
49564,1,0,0
49565,1,0,0
49566,1,0,0
49567,1,0,0
49568,1,0,0
49569,1,0,0
49570,1,0,0
49571,1,0,0
49572,1,0,0
49573,1,0,0
49574,1,0,0
49575,1,0,0
49576,1,0,0
49577,1,0,0
49578,1,0,0
49579,1,0,0
49580,1,0,0
49581,1,0,0
49582,1,0,0
49583,1,0,0
49584,1,0,0
49585,1,0,0
49586,1,0,0
49587,1,0,0
49588,1,0,0
49589,1,0,0
49590,1,0,0
49591,1,0,0
49592,1,0,0
49593,1,0,0
49594,1,0,0
49595,1,0,0
49596,1,0,0
49597,1,0,0
49598,1,0,0
49599,1,0,0
49600,1,0,0
49601,1,0,0
49602,1,0,0
49603,1,0,0
49604,1,0,0
49605,1,0,0
49606,1,0,0
49607,1,0,0
49608,1,0,0
49609,1,0,0
49610,1,0,0
49611,1,0,0
49612,1,0,0
49613,1,0,0
49614,1,0,0
49615,1,0,0
49616,1,0,0
49617,1,0,0
49618,1,0,0
49619,1,0,0
49620,1,0,0
49621,1,0,0
49622,1,0,0
49623,1,0,0
49624,1,0,0
49625,1,0,0
49626,1,0,0
49627,1,0,0
49628,1,0,0
49629,1,0,0
49630,1,0,0
49631,1,0,0
49632,1,0,0
49633,1,0,0
49634,1,0,0
49635,1,0,0
49636,1,0,0
49637,1,0,0
49638,1,0,0
49639,1,0,0
49640,1,0,0
49641,1,0,0
49642,1,0,0
49643,1,0,0
49644,1,0,0
49645,1,0,0
49646,1,0,0
49647,1,0,0
49648,1,0,0
49649,1,0,0
49650,1,0,0
49651,1,0,0
49652,1,0,0
49653,1,0,0
49654,1,0,0
49655,1,0,0
49656,1,0,0
49657,1,0,0
49658,1,0,0
49659,1,0,0
49660,1,0,0
49661,1,0,0
49662,1,0,0
49663,1,0,0
49664,1,0,0
49665,1,0,0
49666,1,0,0
49667,1,0,0
49668,1,0,0
49669,1,0,0
49670,1,0,0
49671,1,0,0
49672,1,0,0
49673,1,0,0
49674,1,0,0
49675,1,0,0
49676,1,0,0
49677,1,0,0
49678,1,0,0
49679,1,0,0
49680,1,0,0
49681,1,0,0
49682,1,0,0
49683,1,0,0
49684,1,0,0
49685,1,0,0
49686,1,0,0
49687,1,0,0
49688,1,0,0
49689,1,0,0
49690,1,0,0
49691,1,0,0
49692,1,0,0
49693,1,0,0
49694,1,0,0
49695,1,0,0
49696,1,0,0
49697,1,0,0
49698,1,0,0
49699,1,0,0
49700,1,0,0
49701,1,0,0
49702,1,0,0
49703,1,0,0
49704,1,0,0
49705,1,0,0
49706,1,0,0
49707,1,0,0
49708,1,0,0
49709,1,0,0
49710,1,0,0
49711,1,0,0
49712,1,0,0
49713,1,0,0
49714,1,0,0
49715,1,0,0
49716,1,0,0
49717,1,0,0
49718,1,0,0
49719,1,0,0
49720,1,0,0
49721,1,0,0
49722,1,0,0
49723,1,0,0
49724,1,0,0
49725,1,0,0
49726,1,0,0
49727,1,0,0
49728,1,0,0
49729,1,0,0
49730,1,0,0
49731,1,0,0
49732,1,0,0
49733,1,0,0
49734,1,0,0
49735,1,0,0
49736,1,0,0
49737,1,0,0
49738,1,0,0
49739,1,0,0
49740,1,0,0
49741,1,0,0
49742,1,0,0
49743,1,0,0
49744,1,0,0
49745,1,0,0
49746,1,0,0
49747,1,0,0
49748,1,0,0
49749,1,0,0
49750,1,0,0
49751,1,0,0
49752,1,0,0
49753,1,0,0
49754,1,0,0
49755,1,0,0
49756,1,0,0
49757,1,0,0
49758,1,0,0
49759,1,0,0
49760,1,0,0
49761,1,0,0
49762,1,0,0
49763,1,0,0
49764,1,0,0
49765,1,0,0
49766,1,0,0
49767,1,0,0
49768,1,0,0
49769,1,0,0
49770,1,0,0
49771,1,0,0
49772,1,0,0
49773,1,0,0
49774,1,0,0
49775,1,0,0
49776,1,0,0
49777,1,0,0
49778,1,0,0
49779,1,0,0
49780,1,0,0
49781,1,0,0
49782,1,0,0
49783,1,0,0
49784,1,0,0
49785,1,0,0
49786,1,0,0
49787,1,0,0
49788,1,0,0
49789,1,0,0
49790,1,0,0
49791,1,0,0
49792,1,0,0
49793,1,0,0
49794,1,0,0
49795,1,0,0
49796,1,0,0
49797,1,0,0
49798,1,0,0
49799,1,0,0
49800,1,0,0
49801,1,0,0
49802,1,0,0
49803,1,0,0
49804,1,0,0
49805,1,0,0
49806,1,0,0
49807,1,0,0
49808,1,0,0
49809,1,0,0
49810,1,0,0
49811,1,0,0
49812,1,0,0
49813,1,0,0
49814,1,0,0
49815,1,0,0
49816,1,0,0
49817,1,0,0
49818,1,0,0
49819,1,0,0
49820,1,0,0
49821,1,0,0
49822,1,0,0
49823,1,0,0
49824,1,0,0
49825,1,0,0
49826,1,0,0
49827,1,0,0
49828,1,0,0
49829,1,0,0
49830,1,0,0
49831,1,0,0
49832,1,0,0
49833,1,0,0
49834,1,0,0
49835,1,0,0
49836,1,0,0
49837,1,0,0
49838,1,0,0
49839,1,0,0
49840,1,0,0
49841,1,0,0
49842,1,0,0
49843,1,0,0
49844,1,0,0
49845,1,0,0
49846,1,0,0
49847,1,0,0
49848,1,0,0
49849,1,0,0
49850,1,0,0
49851,1,0,0
49852,1,0,0
49853,1,0,0
49854,1,0,0
49855,1,0,0
49856,1,0,0
49857,1,0,0
49858,1,0,0
49859,1,0,0
49860,1,0,0
49861,1,0,0
49862,1,0,0
49863,1,0,0
49864,1,0,0
49865,1,0,0
49866,1,0,0
49867,1,0,0
49868,1,0,0
49869,1,0,0
49870,1,0,0
49871,1,0,0
49872,1,0,0
49873,1,0,0
49874,1,0,0
49875,1,0,0
49876,1,0,0
49877,1,0,0
49878,1,0,0
49879,1,0,0
49880,1,0,0
49881,1,0,0
49882,1,0,0
49883,1,0,0
49884,1,0,0
49885,1,0,0
49886,1,0,0
49887,1,0,0
49888,1,0,0
49889,1,0,0
49890,1,0,0
49891,1,0,0
49892,1,0,0
49893,1,0,0
49894,1,0,0
49895,1,0,0
49896,1,0,0
49897,1,0,0
49898,1,0,0
49899,1,0,0
49900,1,0,0
49901,1,0,0
49902,1,0,0
49903,1,0,0
49904,1,0,0
49905,1,0,0
49906,1,0,0
49907,1,0,0
49908,1,0,0
49909,1,0,0
49910,1,0,0
49911,1,0,0
49912,1,0,0
49913,1,0,0
49914,1,0,0
49915,1,0,0
49916,1,0,0
49917,1,0,0
49918,1,0,0
49919,1,0,0
49920,1,0,0
49921,1,0,0
49922,1,0,0
49923,1,0,0
49924,1,0,0
49925,1,0,0
49926,1,0,0
49927,1,0,0
49928,1,0,0
49929,1,0,0
49930,1,0,0
49931,1,0,0
49932,1,0,0
49933,1,0,0
49934,1,0,0
49935,1,0,0
49936,1,0,0
49937,1,0,0
49938,1,0,0
49939,1,0,0
49940,1,0,0
49941,1,0,0
49942,1,0,0
49943,1,0,0
49944,1,0,0
49945,1,0,0
49946,1,0,0
49947,1,0,0
49948,1,0,0
49949,1,0,0
49950,1,0,0
49951,1,0,0
49952,1,0,0
49953,1,0,0
49954,1,0,0
49955,1,0,0
49956,1,0,0
49957,1,0,0
49958,1,0,0
49959,1,0,0
49960,1,0,0
49961,1,0,0
49962,1,0,0
49963,1,0,0
49964,1,0,0
49965,1,0,0
49966,1,0,0
49967,1,0,0
49968,1,0,0
49969,1,0,0
49970,1,0,0
49971,1,0,0
49972,1,0,0
49973,1,0,0
49974,1,0,0
49975,1,0,0
49976,1,0,0
49977,1,0,0
49978,1,0,0
49979,1,0,0
49980,1,0,0
49981,1,0,0
49982,1,0,0
49983,1,0,0
49984,1,0,0
49985,1,0,0
49986,1,0,0
49987,1,0,0
49988,1,0,0
49989,1,0,0
49990,1,0,0
49991,1,0,0
49992,1,0,0
49993,1,0,0
49994,1,0,0
49995,1,0,0
49996,1,0,0
49997,1,0,0
49998,1,0,0
49999,1,0,0
50000,1,0,0
50001,1,0,0
50002,1,0,0
50003,1,0,0
50004,1,0,0
50005,1,0,0
50006,1,0,0
50007,1,0,0
50008,1,0,0
50009,1,0,0
50010,1,0,0
50011,1,0,0
50012,1,0,0
50013,1,0,0
50014,1,0,0
50015,1,0,0
50016,1,0,0
50017,1,0,0
50018,1,0,0
50019,1,0,0
50020,1,0,0
50021,1,0,0
50022,1,0,0
50023,1,0,0
50024,1,0,0
50025,1,0,0
50026,1,0,0
50027,1,0,0
50028,1,0,0
50029,1,0,0
50030,1,0,0
50031,1,0,0
50032,1,0,0
50033,1,0,0
50034,1,0,0
50035,1,0,0
50036,1,0,0
50037,1,0,0
50038,1,0,0
50039,1,0,0
50040,1,0,0
50041,1,0,0
50042,1,0,0
50043,1,0,0
50044,1,0,0
50045,1,0,0
50046,1,0,0
50047,1,0,0
50048,1,0,0
50049,1,0,0
50050,1,0,0
50051,1,0,0
50052,1,0,0
50053,1,0,0
50054,1,0,0
50055,1,0,0
50056,1,0,0
50057,1,0,0
50058,1,0,0
50059,1,0,0
50060,1,0,0
50061,1,0,0
50062,1,0,0
50063,1,0,0
50064,1,0,0
50065,1,0,0
50066,1,0,0
50067,1,0,0
50068,1,0,0
50069,1,0,0
50070,1,0,0
50071,1,0,0
50072,1,0,0
50073,1,0,0
50074,1,0,0
50075,1,0,0
50076,1,0,0
50077,1,0,0
50078,1,0,0
50079,1,0,0
50080,1,0,0
50081,1,0,0
50082,1,0,0
50083,1,0,0
50084,1,0,0
50085,1,0,0
50086,1,0,0
50087,1,0,0
50088,1,0,0
50089,1,0,0
50090,1,0,0
50091,1,0,0
50092,1,0,0
50093,1,0,0
50094,1,0,0
50095,1,0,0
50096,1,0,0
50097,1,0,0
50098,1,0,0
50099,1,0,0
50100,1,0,0
50101,1,0,0
50102,1,0,0
50103,1,0,0
50104,1,0,0
50105,1,0,0
50106,1,0,0
50107,1,0,0
50108,1,0,0
50109,1,0,0
50110,1,0,0
50111,1,0,0
50112,1,0,0
50113,1,0,0
50114,1,0,0
50115,1,0,0
50116,1,0,0
50117,1,0,0
50118,1,0,0
50119,1,0,0
50120,1,0,0
50121,1,0,0
50122,1,0,0
50123,1,0,0
50124,1,0,0
50125,1,0,0
50126,1,0,0
50127,1,0,0
50128,1,0,0
50129,1,0,0
50130,1,0,0
50131,1,0,0
50132,1,0,0
50133,1,0,0
50134,1,0,0
50135,1,0,0
50136,1,0,0
50137,1,0,0
50138,1,0,0
50139,1,0,0
50140,1,0,0
50141,1,0,0
50142,1,0,0
50143,1,0,0
50144,1,0,0
50145,1,0,0
50146,1,0,0
50147,1,0,0
50148,1,0,0
50149,1,0,0
50150,1,0,0
50151,1,0,0
50152,1,0,0
50153,1,0,0
50154,1,0,0
50155,1,0,0
50156,1,0,0
50157,1,0,0
50158,1,0,0
50159,1,0,0
50160,1,0,0
50161,1,0,0
50162,1,0,0
50163,1,0,0
50164,1,0,0
50165,1,0,0
50166,1,0,0
50167,1,0,0
50168,1,0,0
50169,1,0,0
50170,1,0,0
50171,1,0,0
50172,1,0,0
50173,1,0,0
50174,1,0,0
50175,1,0,0
50176,1,0,0
50177,1,0,0
50178,1,0,0
50179,1,0,0
50180,1,0,0
50181,1,0,0
50182,1,0,0
50183,1,0,0
50184,1,0,0
50185,1,0,0
50186,1,0,0
50187,1,0,0
50188,1,0,0
50189,1,0,0
50190,1,0,0
50191,1,0,0
50192,1,0,0
50193,1,0,0
50194,1,0,0
50195,1,0,0
50196,1,0,0
50197,1,0,0
50198,1,0,0
50199,1,0,0
50200,1,0,0
50201,1,0,0
50202,1,0,0
50203,1,0,0
50204,1,0,0
50205,1,0,0
50206,1,0,0
50207,1,0,0
50208,1,0,0
50209,1,0,0
50210,1,0,0
50211,1,0,0
50212,1,0,0
50213,1,0,0
50214,1,0,0
50215,1,0,0
50216,1,0,0
50217,1,0,0
50218,1,0,0
50219,1,0,0
50220,1,0,0
50221,1,0,0
50222,1,0,0
50223,1,0,0
50224,1,0,0
50225,1,0,0
50226,1,0,0
50227,1,0,0
50228,1,0,0
50229,1,0,0
50230,1,0,0
50231,1,0,0
50232,1,0,0
50233,1,0,0
50234,1,0,0
50235,1,0,0
50236,1,0,0
50237,1,0,0
50238,1,0,0
50239,1,0,0
50240,1,0,0
50241,1,0,0
50242,1,0,0
50243,1,0,0
50244,1,0,0
50245,1,0,0
50246,1,0,0
50247,1,0,0
50248,1,0,0
50249,1,0,0
50250,1,0,0
50251,1,0,0
50252,1,0,0
50253,1,0,0
50254,1,0,0
50255,1,0,0
50256,1,0,0
50257,1,0,0
50258,1,0,0
50259,1,0,0
50260,1,0,0
50261,1,0,0
50262,1,0,0
50263,1,0,0
50264,1,0,0
50265,1,0,0
50266,1,0,0
50267,1,0,0
50268,1,0,0
50269,1,0,0
50270,1,0,0
50271,1,0,0
50272,1,0,0
50273,1,0,0
50274,1,0,0
50275,1,0,0
50276,1,0,0
50277,1,0,0
50278,1,0,0
50279,1,0,0
50280,1,0,0
50281,1,0,0
50282,1,0,0
50283,1,0,0
50284,1,0,0
50285,1,0,0
50286,1,0,0
50287,1,0,0
50288,1,0,0
50289,1,0,0
50290,1,0,0
50291,1,0,0
50292,1,0,0
50293,1,0,0
50294,1,0,0
50295,1,0,0
50296,1,0,0
50297,1,0,0
50298,1,0,0
50299,1,0,0
50300,1,0,0
50301,1,0,0
50302,1,0,0
50303,1,0,0
50304,1,0,0
50305,1,0,0
50306,1,0,0
50307,1,0,0
50308,1,0,0
50309,1,0,0
50310,1,0,0
50311,1,0,0
50312,1,0,0
50313,1,0,0
50314,1,0,0
50315,1,0,0
50316,1,0,0
50317,1,0,0
50318,1,0,0
50319,1,0,0
50320,1,0,0
50321,1,0,0
50322,1,0,0
50323,1,0,0
50324,1,0,0
50325,1,0,0
50326,1,0,0
50327,1,0,0
50328,1,0,0
50329,1,0,0
50330,1,0,0
50331,1,0,0
50332,1,0,0
50333,1,0,0
50334,1,0,0
50335,1,0,0
50336,1,0,0
50337,1,0,0
50338,1,0,0
50339,1,0,0
50340,1,0,0
50341,1,0,0
50342,1,0,0
50343,1,0,0
50344,1,0,0
50345,1,0,0
50346,1,0,0
50347,1,0,0
50348,1,0,0
50349,1,0,0
50350,1,0,0
50351,1,0,0
50352,1,0,0
50353,1,0,0
50354,1,0,0
50355,1,0,0
50356,1,0,0
50357,1,0,0
50358,1,0,0
50359,1,0,0
50360,1,0,0
50361,1,0,0
50362,1,0,0
50363,1,0,0
50364,1,0,0
50365,1,0,0
50366,1,0,0
50367,1,0,0
50368,1,0,0
50369,1,0,0
50370,1,0,0
50371,1,0,0
50372,1,0,0
50373,1,0,0
50374,1,0,0
50375,1,0,0
50376,1,0,0
50377,1,0,0
50378,1,0,0
50379,1,0,0
50380,1,0,0
50381,1,0,0
50382,1,0,0
50383,1,0,0
50384,1,0,0
50385,1,0,0
50386,1,0,0
50387,1,0,0
50388,1,0,0
50389,1,0,0
50390,1,0,0
50391,1,0,0
50392,1,0,0
50393,1,0,0
50394,1,0,0
50395,1,0,0
50396,1,0,0
50397,1,0,0
50398,1,0,0
50399,1,0,0
50400,1,0,0
50401,1,0,0
50402,1,0,0
50403,1,0,0
50404,1,0,0
50405,1,0,0
50406,1,0,0
50407,1,0,0
50408,1,0,0
50409,1,0,0
50410,1,0,0
50411,1,0,0
50412,1,0,0
50413,1,0,0
50414,1,0,0
50415,1,0,0
50416,1,0,0
50417,1,0,0
50418,1,0,0
50419,1,0,0
50420,1,0,0
50421,1,0,0
50422,1,0,0
50423,1,0,0
50424,1,0,0
50425,1,0,0
50426,1,0,0
50427,1,0,0
50428,1,0,0
50429,1,0,0
50430,1,0,0
50431,1,0,0
50432,1,0,0
50433,1,0,0
50434,1,0,0
50435,1,0,0
50436,1,0,0
50437,1,0,0
50438,1,0,0
50439,1,0,0
50440,1,0,0
50441,1,0,0
50442,1,0,0
50443,1,0,0
50444,1,0,0
50445,1,0,0
50446,1,0,0
50447,1,0,0
50448,1,0,0
50449,1,0,0
50450,1,0,0
50451,1,0,0
50452,1,0,0
50453,1,0,0
50454,1,0,0
50455,1,0,0
50456,1,0,0
50457,1,0,0
50458,1,0,0
50459,1,0,0
50460,1,0,0
50461,1,0,0
50462,1,0,0
50463,1,0,0
50464,1,0,0
50465,1,0,0
50466,1,0,0
50467,1,0,0
50468,1,0,0
50469,1,0,0
50470,1,0,0
50471,1,0,0
50472,1,0,0
50473,1,0,0
50474,1,0,0
50475,1,0,0
50476,1,0,0
50477,1,0,0
50478,1,0,0
50479,1,0,0
50480,1,0,0
50481,1,0,0
50482,1,0,0
50483,1,0,0
50484,1,0,0
50485,1,0,0
50486,1,0,0
50487,1,0,0
50488,1,0,0
50489,1,0,0
50490,1,0,0
50491,1,0,0
50492,1,0,0
50493,1,0,0
50494,1,0,0
50495,1,0,0
50496,1,0,0
50497,1,0,0
50498,1,0,0
50499,1,0,0
50500,1,0,0
50501,1,0,0
50502,1,0,0
50503,1,0,0
50504,1,0,0
50505,1,0,0
50506,1,0,0
50507,1,0,0
50508,1,0,0
50509,1,0,0
50510,1,0,0
50511,1,0,0
50512,1,0,0
50513,1,0,0
50514,1,0,0
50515,1,0,0
50516,1,0,0
50517,1,0,0
50518,1,0,0
50519,1,0,0
50520,1,0,0
50521,1,0,0
50522,1,0,0
50523,1,0,0
50524,1,0,0
50525,1,0,0
50526,1,0,0
50527,0,1,0
50528,0,1,0
50529,0,1,0
50530,0,1,0
50531,0,1,0
50532,0,1,0
50533,0,1,0
50534,0,1,0
50535,0,1,0
50536,0,1,0
50537,0,1,0
50538,0,1,0
50539,0,1,0
50540,0,1,0
50541,0,1,0
50542,0,1,0
50543,1,0,0
50544,1,0,0
50545,1,0,0
50546,1,0,0
50547,1,0,0
50548,1,0,0
50549,1,0,0
50550,1,0,0
50551,1,0,0
50552,1,0,0
50553,1,0,0
50554,1,0,0
50555,1,0,0
50556,1,0,0
50557,1,0,0
50558,1,0,0
50559,1,0,0
50560,1,0,0
50561,1,0,0
50562,1,0,0
50563,1,0,0
50564,1,0,0
50565,1,0,0
50566,1,0,0
50567,1,0,0
50568,1,0,0
50569,1,0,0
50570,1,0,0
50571,1,0,0
50572,1,0,0
50573,1,0,0
50574,1,0,0
50575,1,0,0
50576,1,0,0
50577,1,0,0
50578,1,0,0
50579,1,0,0
50580,1,0,0
50581,1,0,0
50582,1,0,0
50583,1,0,0
50584,1,0,0
50585,1,0,0
50586,1,0,0
50587,1,0,0
50588,1,0,0
50589,1,0,0
50590,1,0,0
50591,1,0,0
50592,1,0,0
50593,1,0,0
50594,1,0,0
50595,1,0,0
50596,1,0,0
50597,1,0,0
50598,1,0,0
50599,1,0,0
50600,1,0,0
50601,1,0,0
50602,1,0,0
50603,1,0,0
50604,1,0,0
50605,1,0,0
50606,1,0,0
50607,1,0,0
50608,1,0,0
50609,1,0,0
50610,1,0,0
50611,1,0,0
50612,1,0,0
50613,1,0,0
50614,1,0,0
50615,1,0,0
50616,1,0,0
50617,1,0,0
50618,1,0,0
50619,1,0,0
50620,1,0,0
50621,1,0,0
50622,1,0,0
50623,1,0,0
50624,1,0,0
50625,1,0,0
50626,1,0,0
50627,1,0,0
50628,1,0,0
50629,1,0,0
50630,1,0,0
50631,1,0,0
50632,1,0,0
50633,1,0,0
50634,1,0,0
50635,1,0,0
50636,1,0,0
50637,1,0,0
50638,1,0,0
50639,1,0,0
50640,1,0,0
50641,1,0,0
50642,1,0,0
50643,1,0,0
50644,1,0,0
50645,1,0,0
50646,1,0,0
50647,1,0,0
50648,1,0,0
50649,1,0,0
50650,1,0,0
50651,1,0,0
50652,1,0,0
50653,1,0,0
50654,1,0,0
50655,1,0,0
50656,1,0,0
50657,1,0,0
50658,1,0,0
50659,1,0,0
50660,1,0,0
50661,1,0,0
50662,1,0,0
50663,1,0,0
50664,1,0,0
50665,1,0,0
50666,1,0,0
50667,1,0,0
50668,1,0,0
50669,1,0,0
50670,1,0,0
50671,1,0,0
50672,1,0,0
50673,1,0,0
50674,1,0,0
50675,1,0,0
50676,1,0,0
50677,1,0,0
50678,1,0,0
50679,1,0,0
50680,1,0,0
50681,1,0,0
50682,1,0,0
50683,1,0,0
50684,1,0,0
50685,1,0,0
50686,1,0,0
50687,1,0,0
50688,1,0,0
50689,1,0,0
50690,1,0,0
50691,1,0,0
50692,1,0,0
50693,1,0,0
50694,1,0,0
50695,1,0,0
50696,1,0,0
50697,1,0,0
50698,1,0,0
50699,1,0,0
50700,1,0,0
50701,1,0,0
50702,1,0,0
50703,1,0,0
50704,1,0,0
50705,1,0,0
50706,1,0,0
50707,1,0,0
50708,1,0,0
50709,1,0,0
50710,1,0,0
50711,1,0,0
50712,1,0,0
50713,1,0,0
50714,1,0,0
50715,1,0,0
50716,1,0,0
50717,1,0,0
50718,1,0,0
50719,1,0,0
50720,1,0,0
50721,1,0,0
50722,1,0,0
50723,1,0,0
50724,1,0,0
50725,1,0,0
50726,1,0,0
50727,1,0,0
50728,1,0,0
50729,1,0,0
50730,1,0,0
50731,1,0,0
50732,1,0,0
50733,1,0,0
50734,1,0,0
50735,1,0,0
50736,1,0,0
50737,1,0,0
50738,1,0,0
50739,1,0,0
50740,1,0,0
50741,1,0,0
50742,1,0,0
50743,1,0,0
50744,1,0,0
50745,1,0,0
50746,1,0,0
50747,1,0,0
50748,1,0,0
50749,1,0,0
50750,1,0,0
50751,1,0,0
50752,1,0,0
50753,1,0,0
50754,1,0,0
50755,1,0,0
50756,1,0,0
50757,1,0,0
50758,1,0,0
50759,1,0,0
50760,1,0,0
50761,1,0,0
50762,1,0,0
50763,1,0,0
50764,1,0,0
50765,1,0,0
50766,1,0,0
50767,1,0,0
50768,1,0,0
50769,1,0,0
50770,1,0,0
50771,1,0,0
50772,1,0,0
50773,1,0,0
50774,1,0,0
50775,1,0,0
50776,1,0,0
50777,1,0,0
50778,1,0,0
50779,1,0,0
50780,1,0,0
50781,1,0,0
50782,1,0,0
50783,1,0,0
50784,1,0,0
50785,1,0,0
50786,1,0,0
50787,1,0,0
50788,1,0,0
50789,1,0,0
50790,1,0,0
50791,1,0,0
50792,1,0,0
50793,1,0,0
50794,1,0,0
50795,1,0,0
50796,1,0,0
50797,1,0,0
50798,1,0,0
50799,1,0,0
50800,1,0,0
50801,1,0,0
50802,1,0,0
50803,1,0,0
50804,1,0,0
50805,1,0,0
50806,1,0,0
50807,1,0,0
50808,1,0,0
50809,1,0,0
50810,1,0,0
50811,1,0,0
50812,1,0,0
50813,1,0,0
50814,1,0,0
50815,1,0,0
50816,1,0,0
50817,1,0,0
50818,1,0,0
50819,1,0,0
50820,1,0,0
50821,1,0,0
50822,1,0,0
50823,1,0,0
50824,1,0,0
50825,1,0,0
50826,1,0,0
50827,1,0,0
50828,1,0,0
50829,1,0,0
50830,1,0,0
50831,1,0,0
50832,1,0,0
50833,1,0,0
50834,1,0,0
50835,1,0,0
50836,1,0,0
50837,1,0,0
50838,1,0,0
50839,1,0,0
50840,1,0,0
50841,1,0,0
50842,1,0,0
50843,1,0,0
50844,1,0,0
50845,1,0,0
50846,1,0,0
50847,1,0,0
50848,1,0,0
50849,1,0,0
50850,1,0,0
50851,1,0,0
50852,1,0,0
50853,1,0,0
50854,1,0,0
50855,1,0,0
50856,1,0,0
50857,1,0,0
50858,1,0,0
50859,1,0,0
50860,1,0,0
50861,1,0,0
50862,1,0,0
50863,1,0,0
50864,1,0,0
50865,1,0,0
50866,1,0,0
50867,1,0,0
50868,1,0,0
50869,1,0,0
50870,1,0,0
50871,1,0,0
50872,1,0,0
50873,1,0,0
50874,1,0,0
50875,1,0,0
50876,1,0,0
50877,1,0,0
50878,1,0,0
50879,1,0,0
50880,1,0,0
50881,1,0,0
50882,1,0,0
50883,1,0,0
50884,1,0,0
50885,1,0,0
50886,1,0,0
50887,1,0,0
50888,1,0,0
50889,1,0,0
50890,1,0,0
50891,1,0,0
50892,1,0,0
50893,1,0,0
50894,1,0,0
50895,1,0,0
50896,1,0,0
50897,1,0,0
50898,1,0,0
50899,1,0,0
50900,1,0,0
50901,1,0,0
50902,1,0,0
50903,1,0,0
50904,1,0,0
50905,1,0,0
50906,1,0,0
50907,1,0,0
50908,1,0,0
50909,1,0,0
50910,1,0,0
50911,1,0,0
50912,1,0,0
50913,1,0,0
50914,1,0,0
50915,1,0,0
50916,1,0,0
50917,1,0,0
50918,1,0,0
50919,1,0,0
50920,1,0,0
50921,1,0,0
50922,1,0,0
50923,1,0,0
50924,1,0,0
50925,1,0,0
50926,1,0,0
50927,1,0,0
50928,1,0,0
50929,1,0,0
50930,1,0,0
50931,1,0,0
50932,1,0,0
50933,1,0,0
50934,1,0,0
50935,1,0,0
50936,1,0,0
50937,1,0,0
50938,1,0,0
50939,1,0,0
50940,1,0,0
50941,1,0,0
50942,1,0,0
50943,1,0,0
50944,1,0,0
50945,1,0,0
50946,1,0,0
50947,1,0,0
50948,1,0,0
50949,1,0,0
50950,1,0,0
50951,1,0,0
50952,1,0,0
50953,1,0,0
50954,1,0,0
50955,1,0,0
50956,1,0,0
50957,1,0,0
50958,1,0,0
50959,1,0,0
50960,1,0,0
50961,1,0,0
50962,1,0,0
50963,1,0,0
50964,1,0,0
50965,1,0,0
50966,1,0,0
50967,1,0,0
50968,1,0,0
50969,1,0,0
50970,1,0,0
50971,1,0,0
50972,1,0,0
50973,1,0,0
50974,1,0,0
50975,1,0,0
50976,1,0,0
50977,1,0,0
50978,1,0,0
50979,1,0,0
50980,1,0,0
50981,1,0,0
50982,1,0,0
50983,1,0,0
50984,1,0,0
50985,1,0,0
50986,1,0,0
50987,1,0,0
50988,1,0,0
50989,1,0,0
50990,1,0,0
50991,1,0,0
50992,1,0,0
50993,1,0,0
50994,1,0,0
50995,1,0,0
50996,1,0,0
50997,1,0,0
50998,1,0,0
50999,1,0,0
51000,1,0,0
51001,1,0,0
51002,1,0,0
51003,1,0,0
51004,1,0,0
51005,1,0,0
51006,1,0,0
51007,1,0,0
51008,1,0,0
51009,1,0,0
51010,1,0,0
51011,1,0,0
51012,1,0,0
51013,1,0,0
51014,1,0,0
51015,1,0,0
51016,1,0,0
51017,1,0,0
51018,1,0,0
51019,1,0,0
51020,1,0,0
51021,1,0,0
51022,1,0,0
51023,1,0,0
51024,1,0,0
51025,1,0,0
51026,1,0,0
51027,1,0,0
51028,1,0,0
51029,1,0,0
51030,1,0,0
51031,1,0,0
51032,1,0,0
51033,1,0,0
51034,1,0,0
51035,1,0,0
51036,1,0,0
51037,1,0,0
51038,1,0,0
51039,1,0,0
51040,1,0,0
51041,1,0,0
51042,1,0,0
51043,1,0,0
51044,1,0,0
51045,1,0,0
51046,1,0,0
51047,1,0,0
51048,0,0,1
51049,0,0,1
51050,0,0,1
51051,0,0,1
51052,0,0,1
51053,0,0,1
51054,0,0,1
51055,0,0,1
51056,0,0,1
51057,0,0,1
51058,0,0,1
51059,0,0,1
51060,0,0,1
51061,0,0,1
51062,0,0,1
51063,0,0,1
51064,0,0,1
51065,0,0,1
51066,0,0,1
51067,0,0,1
51068,0,0,1
51069,0,0,1
51070,0,0,1
51071,0,0,1
51072,0,0,1
51073,0,0,1
51074,0,0,1
51075,0,0,1
51076,0,0,1
51077,0,0,1
51078,0,0,1
51079,0,0,1
51080,0,0,1
51081,0,0,1
51082,0,0,1
51083,0,0,1
51084,0,0,1
51085,0,0,1
51086,0,0,1
51087,0,0,1
51088,0,0,1
51089,0,0,1
51090,0,0,1
51091,0,0,1
51092,0,0,1
51093,0,0,1
51094,0,0,1
51095,0,0,1
51096,0,0,1
51097,0,0,1
51098,0,0,1
51099,1,0,0
51100,1,0,0
51101,1,0,0
51102,1,0,0
51103,1,0,0
51104,1,0,0
51105,1,0,0
51106,1,0,0
51107,1,0,0
51108,1,0,0
51109,1,0,0
51110,1,0,0
51111,1,0,0
51112,1,0,0
51113,1,0,0
51114,1,0,0
51115,1,0,0
51116,1,0,0
51117,1,0,0
51118,1,0,0
51119,1,0,0
51120,1,0,0
51121,1,0,0
51122,1,0,0
51123,1,0,0
51124,1,0,0
51125,1,0,0
51126,1,0,0
51127,1,0,0
51128,1,0,0
51129,1,0,0
51130,1,0,0
51131,1,0,0
51132,1,0,0
51133,1,0,0
51134,1,0,0
51135,1,0,0
51136,1,0,0
51137,1,0,0
51138,1,0,0
51139,1,0,0
51140,1,0,0
51141,1,0,0
51142,1,0,0
51143,1,0,0
51144,1,0,0
51145,1,0,0
51146,1,0,0
51147,1,0,0
51148,1,0,0
51149,1,0,0
51150,1,0,0
51151,1,0,0
51152,1,0,0
51153,1,0,0
51154,1,0,0
51155,1,0,0
51156,1,0,0
51157,1,0,0
51158,1,0,0
51159,1,0,0
51160,1,0,0
51161,1,0,0
51162,1,0,0
51163,1,0,0
51164,1,0,0
51165,1,0,0
51166,1,0,0
51167,1,0,0
51168,1,0,0
51169,1,0,0
51170,1,0,0
51171,1,0,0
51172,1,0,0
51173,1,0,0
51174,1,0,0
51175,1,0,0
51176,1,0,0
51177,1,0,0
51178,1,0,0
51179,1,0,0
51180,1,0,0
51181,1,0,0
51182,1,0,0
51183,1,0,0
51184,1,0,0
51185,1,0,0
51186,1,0,0
51187,1,0,0
51188,1,0,0
51189,1,0,0
51190,1,0,0
51191,1,0,0
51192,1,0,0
51193,1,0,0
51194,1,0,0
51195,1,0,0
51196,1,0,0
51197,1,0,0
51198,1,0,0
51199,1,0,0
51200,1,0,0
51201,1,0,0
51202,1,0,0
51203,1,0,0
51204,1,0,0
51205,1,0,0
51206,1,0,0
51207,1,0,0
51208,1,0,0
51209,1,0,0
51210,1,0,0
51211,1,0,0
51212,1,0,0
51213,1,0,0
51214,1,0,0
51215,1,0,0
51216,1,0,0
51217,1,0,0
51218,1,0,0
51219,1,0,0
51220,1,0,0
51221,1,0,0
51222,1,0,0
51223,1,0,0
51224,1,0,0
51225,1,0,0
51226,1,0,0
51227,1,0,0
51228,1,0,0
51229,1,0,0
51230,1,0,0
51231,1,0,0
51232,1,0,0
51233,1,0,0
51234,1,0,0
51235,1,0,0
51236,1,0,0
51237,1,0,0
51238,1,0,0
51239,1,0,0
51240,1,0,0
51241,1,0,0
51242,1,0,0
51243,1,0,0
51244,1,0,0
51245,1,0,0
51246,1,0,0
51247,1,0,0
51248,1,0,0
51249,1,0,0
51250,1,0,0
51251,1,0,0
51252,1,0,0
51253,1,0,0
51254,1,0,0
51255,1,0,0
51256,1,0,0
51257,1,0,0
51258,1,0,0
51259,1,0,0
51260,1,0,0
51261,1,0,0
51262,1,0,0
51263,1,0,0
51264,1,0,0
51265,1,0,0
51266,1,0,0
51267,1,0,0
51268,1,0,0
51269,1,0,0
51270,1,0,0
51271,1,0,0
51272,1,0,0
51273,1,0,0
51274,1,0,0
51275,1,0,0
51276,1,0,0
51277,1,0,0
51278,1,0,0
51279,1,0,0
51280,1,0,0
51281,1,0,0
51282,1,0,0
51283,1,0,0
51284,1,0,0
51285,1,0,0
51286,1,0,0
51287,1,0,0
51288,1,0,0
51289,1,0,0
51290,1,0,0
51291,1,0,0
51292,1,0,0
51293,1,0,0
51294,1,0,0
51295,1,0,0
51296,1,0,0
51297,1,0,0
51298,1,0,0
51299,1,0,0
51300,1,0,0
51301,1,0,0
51302,1,0,0
51303,1,0,0
51304,1,0,0
51305,1,0,0
51306,1,0,0
51307,1,0,0
51308,1,0,0
51309,1,0,0
51310,1,0,0
51311,1,0,0
51312,1,0,0
51313,1,0,0
51314,1,0,0
51315,1,0,0
51316,1,0,0
51317,1,0,0
51318,1,0,0
51319,1,0,0
51320,1,0,0
51321,1,0,0
51322,1,0,0
51323,1,0,0
51324,1,0,0
51325,1,0,0
51326,1,0,0
51327,1,0,0
51328,1,0,0
51329,1,0,0
51330,1,0,0
51331,1,0,0
51332,1,0,0
51333,1,0,0
51334,1,0,0
51335,1,0,0
51336,1,0,0
51337,1,0,0
51338,1,0,0
51339,1,0,0
51340,1,0,0
51341,1,0,0
51342,1,0,0
51343,1,0,0
51344,1,0,0
51345,1,0,0
51346,1,0,0
51347,1,0,0
51348,1,0,0
51349,1,0,0
51350,1,0,0
51351,1,0,0
51352,1,0,0
51353,1,0,0
51354,1,0,0
51355,1,0,0
51356,1,0,0
51357,1,0,0
51358,1,0,0
51359,1,0,0
51360,1,0,0
51361,1,0,0
51362,1,0,0
51363,1,0,0
51364,1,0,0
51365,1,0,0
51366,1,0,0
51367,1,0,0
51368,1,0,0
51369,1,0,0
51370,1,0,0
51371,1,0,0
51372,1,0,0
51373,1,0,0
51374,1,0,0
51375,1,0,0
51376,1,0,0
51377,1,0,0
51378,1,0,0
51379,1,0,0
51380,1,0,0
51381,1,0,0
51382,1,0,0
51383,1,0,0
51384,1,0,0
51385,1,0,0
51386,1,0,0
51387,1,0,0
51388,1,0,0
51389,1,0,0
51390,1,0,0
51391,1,0,0
51392,1,0,0
51393,1,0,0
51394,1,0,0
51395,1,0,0
51396,1,0,0
51397,1,0,0
51398,1,0,0
51399,1,0,0
51400,1,0,0
51401,1,0,0
51402,1,0,0
51403,1,0,0
51404,1,0,0
51405,1,0,0
51406,1,0,0
51407,1,0,0
51408,1,0,0
51409,1,0,0
51410,1,0,0
51411,1,0,0
51412,1,0,0
51413,1,0,0
51414,1,0,0
51415,1,0,0
51416,1,0,0
51417,1,0,0
51418,1,0,0
51419,1,0,0
51420,1,0,0
51421,1,0,0
51422,1,0,0
51423,1,0,0
51424,1,0,0
51425,1,0,0
51426,1,0,0
51427,1,0,0
51428,1,0,0
51429,1,0,0
51430,1,0,0
51431,1,0,0
51432,1,0,0
51433,1,0,0
51434,1,0,0
51435,1,0,0
51436,1,0,0
51437,1,0,0
51438,1,0,0
51439,1,0,0
51440,1,0,0
51441,1,0,0
51442,1,0,0
51443,1,0,0
51444,1,0,0
51445,1,0,0
51446,1,0,0
51447,1,0,0
51448,1,0,0
51449,1,0,0
51450,1,0,0
51451,1,0,0
51452,1,0,0
51453,1,0,0
51454,1,0,0
51455,1,0,0
51456,1,0,0
51457,1,0,0
51458,1,0,0
51459,1,0,0
51460,1,0,0
51461,1,0,0
51462,1,0,0
51463,1,0,0
51464,1,0,0
51465,1,0,0
51466,1,0,0
51467,1,0,0
51468,1,0,0
51469,1,0,0
51470,1,0,0
51471,1,0,0
51472,1,0,0
51473,1,0,0
51474,1,0,0
51475,1,0,0
51476,1,0,0
51477,1,0,0
51478,1,0,0
51479,1,0,0
51480,1,0,0
51481,1,0,0
51482,1,0,0
51483,1,0,0
51484,1,0,0
51485,1,0,0
51486,1,0,0
51487,1,0,0
51488,1,0,0
51489,1,0,0
51490,1,0,0
51491,1,0,0
51492,1,0,0
51493,1,0,0
51494,1,0,0
51495,1,0,0
51496,1,0,0
51497,1,0,0
51498,1,0,0
51499,1,0,0
51500,1,0,0
51501,1,0,0
51502,1,0,0
51503,1,0,0
51504,1,0,0
51505,1,0,0
51506,1,0,0
51507,1,0,0
51508,1,0,0
51509,1,0,0
51510,1,0,0
51511,1,0,0
51512,1,0,0
51513,1,0,0
51514,1,0,0
51515,1,0,0
51516,1,0,0
51517,1,0,0
51518,1,0,0
51519,1,0,0
51520,1,0,0
51521,1,0,0
51522,1,0,0
51523,1,0,0
51524,1,0,0
51525,1,0,0
51526,1,0,0
51527,1,0,0
51528,1,0,0
51529,1,0,0
51530,1,0,0
51531,1,0,0
51532,1,0,0
51533,1,0,0
51534,1,0,0
51535,1,0,0
51536,1,0,0
51537,1,0,0
51538,1,0,0
51539,1,0,0
51540,1,0,0
51541,1,0,0
51542,1,0,0
51543,1,0,0
51544,1,0,0
51545,1,0,0
51546,1,0,0
51547,1,0,0
51548,1,0,0
51549,1,0,0
51550,1,0,0
51551,1,0,0
51552,1,0,0
51553,1,0,0
51554,1,0,0
51555,1,0,0
51556,1,0,0
51557,1,0,0
51558,1,0,0
51559,1,0,0
51560,1,0,0
51561,1,0,0
51562,1,0,0
51563,1,0,0
51564,1,0,0
51565,1,0,0
51566,1,0,0
51567,1,0,0
51568,1,0,0
51569,1,0,0
51570,1,0,0
51571,1,0,0
51572,1,0,0
51573,1,0,0
51574,1,0,0
51575,1,0,0
51576,1,0,0
51577,1,0,0
51578,1,0,0
51579,1,0,0
51580,1,0,0
51581,1,0,0
51582,1,0,0
51583,1,0,0
51584,1,0,0
51585,1,0,0
51586,1,0,0
51587,1,0,0
51588,1,0,0
51589,1,0,0
51590,1,0,0
51591,1,0,0
51592,1,0,0
51593,1,0,0
51594,1,0,0
51595,1,0,0
51596,1,0,0
51597,1,0,0
51598,1,0,0
51599,1,0,0
51600,1,0,0
51601,1,0,0
51602,1,0,0
51603,1,0,0
51604,1,0,0
51605,1,0,0
51606,1,0,0
51607,1,0,0
51608,1,0,0
51609,1,0,0
51610,1,0,0
51611,1,0,0
51612,1,0,0
51613,1,0,0
51614,1,0,0
51615,1,0,0
51616,1,0,0
51617,1,0,0
51618,1,0,0
51619,1,0,0
51620,1,0,0
51621,1,0,0
51622,1,0,0
51623,1,0,0
51624,1,0,0
51625,1,0,0
51626,1,0,0
51627,1,0,0
51628,1,0,0
51629,1,0,0
51630,1,0,0
51631,1,0,0
51632,1,0,0
51633,1,0,0
51634,1,0,0
51635,1,0,0
51636,1,0,0
51637,1,0,0
51638,1,0,0
51639,1,0,0
51640,1,0,0
51641,1,0,0
51642,1,0,0
51643,1,0,0
51644,1,0,0
51645,1,0,0
51646,1,0,0
51647,1,0,0
51648,1,0,0
51649,1,0,0
51650,1,0,0
51651,1,0,0
51652,1,0,0
51653,1,0,0
51654,1,0,0
51655,1,0,0
51656,1,0,0
51657,1,0,0
51658,1,0,0
51659,1,0,0
51660,1,0,0
51661,1,0,0
51662,1,0,0
51663,1,0,0
51664,1,0,0
51665,1,0,0
51666,1,0,0
51667,1,0,0
51668,1,0,0
51669,1,0,0
51670,1,0,0
51671,1,0,0
51672,1,0,0
51673,1,0,0
51674,1,0,0
51675,1,0,0
51676,1,0,0
51677,1,0,0
51678,1,0,0
51679,1,0,0
51680,1,0,0
51681,1,0,0
51682,1,0,0
51683,1,0,0
51684,1,0,0
51685,1,0,0
51686,1,0,0
51687,1,0,0
51688,1,0,0
51689,1,0,0
51690,1,0,0
51691,1,0,0
51692,1,0,0
51693,1,0,0
51694,1,0,0
51695,1,0,0
51696,1,0,0
51697,1,0,0
51698,1,0,0
51699,1,0,0
51700,1,0,0
51701,1,0,0
51702,1,0,0
51703,1,0,0
51704,1,0,0
51705,1,0,0
51706,1,0,0
51707,1,0,0
51708,1,0,0
51709,1,0,0
51710,1,0,0
51711,1,0,0
51712,1,0,0
51713,1,0,0
51714,1,0,0
51715,1,0,0
51716,1,0,0
51717,1,0,0
51718,1,0,0
51719,1,0,0
51720,1,0,0
51721,1,0,0
51722,1,0,0
51723,1,0,0
51724,1,0,0
51725,1,0,0
51726,1,0,0
51727,1,0,0
51728,1,0,0
51729,1,0,0
51730,1,0,0
51731,1,0,0
51732,1,0,0
51733,1,0,0
51734,1,0,0
51735,1,0,0
51736,1,0,0
51737,1,0,0
51738,1,0,0
51739,1,0,0
51740,1,0,0
51741,1,0,0
51742,1,0,0
51743,1,0,0
51744,1,0,0
51745,1,0,0
51746,1,0,0
51747,1,0,0
51748,1,0,0
51749,1,0,0
51750,1,0,0
51751,1,0,0
51752,1,0,0
51753,1,0,0
51754,1,0,0
51755,1,0,0
51756,1,0,0
51757,1,0,0
51758,1,0,0
51759,1,0,0
51760,1,0,0
51761,1,0,0
51762,1,0,0
51763,1,0,0
51764,1,0,0
51765,1,0,0
51766,1,0,0
51767,1,0,0
51768,1,0,0
51769,1,0,0
51770,1,0,0
51771,1,0,0
51772,1,0,0
51773,1,0,0
51774,1,0,0
51775,1,0,0
51776,1,0,0
51777,1,0,0
51778,1,0,0
51779,1,0,0
51780,1,0,0
51781,1,0,0
51782,1,0,0
51783,1,0,0
51784,1,0,0
51785,1,0,0
51786,1,0,0
51787,1,0,0
51788,1,0,0
51789,1,0,0
51790,1,0,0
51791,1,0,0
51792,1,0,0
51793,1,0,0
51794,1,0,0
51795,1,0,0
51796,1,0,0
51797,1,0,0
51798,1,0,0
51799,1,0,0
51800,1,0,0
51801,1,0,0
51802,1,0,0
51803,1,0,0
51804,1,0,0
51805,1,0,0
51806,1,0,0
51807,1,0,0
51808,1,0,0
51809,1,0,0
51810,1,0,0
51811,1,0,0
51812,1,0,0
51813,1,0,0
51814,1,0,0
51815,1,0,0
51816,1,0,0
51817,1,0,0
51818,1,0,0
51819,1,0,0
51820,1,0,0
51821,1,0,0
51822,1,0,0
51823,1,0,0
51824,1,0,0
51825,1,0,0
51826,1,0,0
51827,1,0,0
51828,1,0,0
51829,1,0,0
51830,1,0,0
51831,1,0,0
51832,1,0,0
51833,1,0,0
51834,1,0,0
51835,1,0,0
51836,1,0,0
51837,1,0,0
51838,1,0,0
51839,1,0,0
51840,1,0,0
51841,1,0,0
51842,1,0,0
51843,1,0,0
51844,1,0,0
51845,1,0,0
51846,1,0,0
51847,1,0,0
51848,1,0,0
51849,1,0,0
51850,1,0,0
51851,1,0,0
51852,1,0,0
51853,1,0,0
51854,1,0,0
51855,1,0,0
51856,1,0,0
51857,1,0,0
51858,1,0,0
51859,1,0,0
51860,1,0,0
51861,1,0,0
51862,1,0,0
51863,1,0,0
51864,1,0,0
51865,1,0,0
51866,1,0,0
51867,1,0,0
51868,1,0,0
51869,1,0,0
51870,1,0,0
51871,1,0,0
51872,1,0,0
51873,1,0,0
51874,1,0,0
51875,1,0,0
51876,1,0,0
51877,1,0,0
51878,1,0,0
51879,1,0,0
51880,1,0,0
51881,1,0,0
51882,1,0,0
51883,1,0,0
51884,1,0,0
51885,1,0,0
51886,1,0,0
51887,1,0,0
51888,1,0,0
51889,1,0,0
51890,1,0,0
51891,1,0,0
51892,1,0,0
51893,1,0,0
51894,1,0,0
51895,1,0,0
51896,1,0,0
51897,1,0,0
51898,1,0,0
51899,1,0,0
51900,1,0,0
51901,1,0,0
51902,1,0,0
51903,1,0,0
51904,1,0,0
51905,1,0,0
51906,1,0,0
51907,1,0,0
51908,1,0,0
51909,1,0,0
51910,1,0,0
51911,1,0,0
51912,1,0,0
51913,1,0,0
51914,1,0,0
51915,1,0,0
51916,1,0,0
51917,1,0,0
51918,1,0,0
51919,1,0,0
51920,1,0,0
51921,1,0,0
51922,1,0,0
51923,1,0,0
51924,1,0,0
51925,1,0,0
51926,1,0,0
51927,1,0,0
51928,1,0,0
51929,1,0,0
51930,1,0,0
51931,1,0,0
51932,1,0,0
51933,1,0,0
51934,1,0,0
51935,1,0,0
51936,1,0,0
51937,1,0,0
51938,1,0,0
51939,1,0,0
51940,1,0,0
51941,1,0,0
51942,1,0,0
51943,1,0,0
51944,1,0,0
51945,1,0,0
51946,1,0,0
51947,1,0,0
51948,1,0,0
51949,1,0,0
51950,1,0,0
51951,1,0,0
51952,1,0,0
51953,1,0,0
51954,1,0,0
51955,1,0,0
51956,1,0,0
51957,1,0,0
51958,1,0,0
51959,1,0,0
51960,1,0,0
51961,1,0,0
51962,1,0,0
51963,1,0,0
51964,1,0,0
51965,1,0,0
51966,1,0,0
51967,1,0,0
51968,1,0,0
51969,1,0,0
51970,1,0,0
51971,1,0,0
51972,1,0,0
51973,1,0,0
51974,1,0,0
51975,1,0,0
51976,1,0,0
51977,1,0,0
51978,1,0,0
51979,1,0,0
51980,1,0,0
51981,1,0,0
51982,1,0,0
51983,1,0,0
51984,1,0,0
51985,1,0,0
51986,1,0,0
51987,1,0,0
51988,1,0,0
51989,1,0,0
51990,1,0,0
51991,1,0,0
51992,1,0,0
51993,1,0,0
51994,1,0,0
51995,1,0,0
51996,1,0,0
51997,1,0,0
51998,1,0,0
51999,1,0,0
52000,1,0,0
52001,1,0,0
52002,1,0,0
52003,1,0,0
52004,1,0,0
52005,1,0,0
52006,1,0,0
52007,1,0,0
52008,1,0,0
52009,1,0,0
52010,1,0,0
52011,1,0,0
52012,1,0,0
52013,1,0,0
52014,1,0,0
52015,1,0,0
52016,1,0,0
52017,1,0,0
52018,1,0,0
52019,1,0,0
52020,1,0,0
52021,1,0,0
52022,1,0,0
52023,1,0,0
52024,1,0,0
52025,1,0,0
52026,1,0,0
52027,1,0,0
52028,1,0,0
52029,1,0,0
52030,1,0,0
52031,1,0,0
52032,1,0,0
52033,1,0,0
52034,1,0,0
52035,1,0,0
52036,1,0,0
52037,1,0,0
52038,1,0,0
52039,1,0,0
52040,1,0,0
52041,1,0,0
52042,1,0,0
52043,1,0,0
52044,1,0,0
52045,1,0,0
52046,1,0,0
52047,1,0,0
52048,1,0,0
52049,1,0,0
52050,1,0,0
52051,1,0,0
52052,1,0,0
52053,1,0,0
52054,1,0,0
52055,1,0,0
52056,1,0,0
52057,1,0,0
52058,1,0,0
52059,1,0,0
52060,1,0,0
52061,1,0,0
52062,1,0,0
52063,1,0,0
52064,1,0,0
52065,1,0,0
52066,1,0,0
52067,1,0,0
52068,1,0,0
52069,1,0,0
52070,1,0,0
52071,1,0,0
52072,1,0,0
52073,1,0,0
52074,1,0,0
52075,1,0,0
52076,1,0,0
52077,1,0,0
52078,1,0,0
52079,1,0,0
52080,1,0,0
52081,1,0,0
52082,1,0,0
52083,1,0,0
52084,1,0,0
52085,1,0,0
52086,1,0,0
52087,1,0,0
52088,1,0,0
52089,1,0,0
52090,1,0,0
52091,1,0,0
52092,1,0,0
52093,1,0,0
52094,1,0,0
52095,1,0,0
52096,1,0,0
52097,1,0,0
52098,1,0,0
52099,1,0,0
52100,1,0,0
52101,1,0,0
52102,1,0,0
52103,1,0,0
52104,1,0,0
52105,1,0,0
52106,1,0,0
52107,1,0,0
52108,1,0,0
52109,1,0,0
52110,1,0,0
52111,1,0,0
52112,1,0,0
52113,1,0,0
52114,1,0,0
52115,1,0,0
52116,1,0,0
52117,1,0,0
52118,1,0,0
52119,1,0,0
52120,1,0,0
52121,1,0,0
52122,1,0,0
52123,1,0,0
52124,1,0,0
52125,1,0,0
52126,1,0,0
52127,1,0,0
52128,1,0,0
52129,1,0,0
52130,1,0,0
52131,1,0,0
52132,1,0,0
52133,1,0,0
52134,1,0,0
52135,1,0,0
52136,1,0,0
52137,1,0,0
52138,1,0,0
52139,1,0,0
52140,1,0,0
52141,1,0,0
52142,1,0,0
52143,1,0,0
52144,1,0,0
52145,1,0,0
52146,1,0,0
52147,1,0,0
52148,1,0,0
52149,1,0,0
52150,1,0,0
52151,1,0,0
52152,1,0,0
52153,1,0,0
52154,1,0,0
52155,1,0,0
52156,1,0,0
52157,1,0,0
52158,1,0,0
52159,1,0,0
52160,1,0,0
52161,1,0,0
52162,1,0,0
52163,1,0,0
52164,1,0,0
52165,1,0,0
52166,1,0,0
52167,1,0,0
52168,1,0,0
52169,1,0,0
52170,1,0,0
52171,1,0,0
52172,1,0,0
52173,1,0,0
52174,1,0,0
52175,1,0,0
52176,1,0,0
52177,1,0,0
52178,1,0,0
52179,1,0,0
52180,1,0,0
52181,1,0,0
52182,1,0,0
52183,1,0,0
52184,1,0,0
52185,1,0,0
52186,1,0,0
52187,1,0,0
52188,1,0,0
52189,1,0,0
52190,1,0,0
52191,1,0,0
52192,1,0,0
52193,1,0,0
52194,1,0,0
52195,1,0,0
52196,1,0,0
52197,1,0,0
52198,1,0,0
52199,1,0,0
52200,1,0,0
52201,1,0,0
52202,1,0,0
52203,1,0,0
52204,1,0,0
52205,1,0,0
52206,1,0,0
52207,1,0,0
52208,1,0,0
52209,1,0,0
52210,1,0,0
52211,1,0,0
52212,1,0,0
52213,1,0,0
52214,1,0,0
52215,1,0,0
52216,1,0,0
52217,1,0,0
52218,1,0,0
52219,1,0,0
52220,1,0,0
52221,1,0,0
52222,1,0,0
52223,1,0,0
52224,1,0,0
52225,1,0,0
52226,1,0,0
52227,1,0,0
52228,1,0,0
52229,1,0,0
52230,1,0,0
52231,1,0,0
52232,1,0,0
52233,1,0,0
52234,1,0,0
52235,1,0,0
52236,1,0,0
52237,1,0,0
52238,1,0,0
52239,1,0,0
52240,1,0,0
52241,1,0,0
52242,1,0,0
52243,1,0,0
52244,1,0,0
52245,1,0,0
52246,1,0,0
52247,1,0,0
52248,1,0,0
52249,1,0,0
52250,1,0,0
52251,1,0,0
52252,1,0,0
52253,1,0,0
52254,1,0,0
52255,1,0,0
52256,1,0,0
52257,1,0,0
52258,1,0,0
52259,1,0,0
52260,1,0,0
52261,1,0,0
52262,1,0,0
52263,1,0,0
52264,1,0,0
52265,1,0,0
52266,1,0,0
52267,1,0,0
52268,1,0,0
52269,1,0,0
52270,1,0,0
52271,1,0,0
52272,1,0,0
52273,1,0,0
52274,1,0,0
52275,1,0,0
52276,1,0,0
52277,1,0,0
52278,1,0,0
52279,1,0,0
52280,1,0,0
52281,1,0,0
52282,1,0,0
52283,1,0,0
52284,1,0,0
52285,1,0,0
52286,1,0,0
52287,1,0,0
52288,1,0,0
52289,1,0,0
52290,1,0,0
52291,1,0,0
52292,1,0,0
52293,1,0,0
52294,1,0,0
52295,1,0,0
52296,1,0,0
52297,1,0,0
52298,1,0,0
52299,1,0,0
52300,1,0,0
52301,1,0,0
52302,1,0,0
52303,1,0,0
52304,1,0,0
52305,1,0,0
52306,1,0,0
52307,1,0,0
52308,1,0,0
52309,1,0,0
52310,1,0,0
52311,1,0,0
52312,1,0,0
52313,1,0,0
52314,1,0,0
52315,1,0,0
52316,1,0,0
52317,1,0,0
52318,1,0,0
52319,1,0,0
52320,1,0,0
52321,1,0,0
52322,1,0,0
52323,1,0,0
52324,1,0,0
52325,1,0,0
52326,1,0,0
52327,1,0,0
52328,1,0,0
52329,1,0,0
52330,1,0,0
52331,1,0,0
52332,1,0,0
52333,1,0,0
52334,1,0,0
52335,1,0,0
52336,1,0,0
52337,1,0,0
52338,1,0,0
52339,1,0,0
52340,1,0,0
52341,1,0,0
52342,1,0,0
52343,1,0,0
52344,1,0,0
52345,1,0,0
52346,1,0,0
52347,1,0,0
52348,1,0,0
52349,1,0,0
52350,1,0,0
52351,1,0,0
52352,1,0,0
52353,1,0,0
52354,1,0,0
52355,1,0,0
52356,1,0,0
52357,1,0,0
52358,1,0,0
52359,1,0,0
52360,1,0,0
52361,1,0,0
52362,1,0,0
52363,1,0,0
52364,1,0,0
52365,1,0,0
52366,1,0,0
52367,1,0,0
52368,1,0,0
52369,1,0,0
52370,1,0,0
52371,1,0,0
52372,1,0,0
52373,1,0,0
52374,1,0,0
52375,1,0,0
52376,1,0,0
52377,1,0,0
52378,1,0,0
52379,1,0,0
52380,1,0,0
52381,1,0,0
52382,1,0,0
52383,1,0,0
52384,1,0,0
52385,1,0,0
52386,1,0,0
52387,1,0,0
52388,1,0,0
52389,1,0,0
52390,1,0,0
52391,1,0,0
52392,1,0,0
52393,1,0,0
52394,1,0,0
52395,1,0,0
52396,1,0,0
52397,1,0,0
52398,1,0,0
52399,1,0,0
52400,1,0,0
52401,1,0,0
52402,1,0,0
52403,1,0,0
52404,1,0,0
52405,1,0,0
52406,1,0,0
52407,1,0,0
52408,1,0,0
52409,1,0,0
52410,1,0,0
52411,1,0,0
52412,1,0,0
52413,1,0,0
52414,1,0,0
52415,1,0,0
52416,1,0,0
52417,1,0,0
52418,1,0,0
52419,1,0,0
52420,1,0,0
52421,1,0,0
52422,1,0,0
52423,1,0,0
52424,1,0,0
52425,1,0,0
52426,1,0,0
52427,1,0,0
52428,1,0,0
52429,1,0,0
52430,1,0,0
52431,1,0,0
52432,1,0,0
52433,1,0,0
52434,1,0,0
52435,1,0,0
52436,1,0,0
52437,1,0,0
52438,1,0,0
52439,1,0,0
52440,1,0,0
52441,1,0,0
52442,1,0,0
52443,1,0,0
52444,1,0,0
52445,1,0,0
52446,1,0,0
52447,1,0,0
52448,1,0,0
52449,1,0,0
52450,1,0,0
52451,1,0,0
52452,1,0,0
52453,1,0,0
52454,1,0,0
52455,1,0,0
52456,1,0,0
52457,1,0,0
52458,1,0,0
52459,1,0,0
52460,1,0,0
52461,1,0,0
52462,1,0,0
52463,1,0,0
52464,1,0,0
52465,1,0,0
52466,1,0,0
52467,1,0,0
52468,1,0,0
52469,1,0,0
52470,1,0,0
52471,1,0,0
52472,1,0,0
52473,1,0,0
52474,1,0,0
52475,1,0,0
52476,1,0,0
52477,1,0,0
52478,1,0,0
52479,1,0,0
52480,1,0,0
52481,1,0,0
52482,1,0,0
52483,1,0,0
52484,1,0,0
52485,1,0,0
52486,1,0,0
52487,1,0,0
52488,1,0,0
52489,1,0,0
52490,1,0,0
52491,1,0,0
52492,1,0,0
52493,1,0,0
52494,1,0,0
52495,1,0,0
52496,1,0,0
52497,1,0,0
52498,1,0,0
52499,1,0,0
52500,1,0,0
52501,1,0,0
52502,1,0,0
52503,1,0,0
52504,1,0,0
52505,1,0,0
52506,1,0,0
52507,1,0,0
52508,1,0,0
52509,1,0,0
52510,1,0,0
52511,1,0,0
52512,1,0,0
52513,1,0,0
52514,1,0,0
52515,1,0,0
52516,1,0,0
52517,1,0,0
52518,1,0,0
52519,1,0,0
52520,1,0,0
52521,1,0,0
52522,1,0,0
52523,1,0,0
52524,1,0,0
52525,1,0,0
52526,1,0,0
52527,1,0,0
52528,1,0,0
52529,1,0,0
52530,1,0,0
52531,1,0,0
52532,1,0,0
52533,1,0,0
52534,1,0,0
52535,1,0,0
52536,1,0,0
52537,1,0,0
52538,1,0,0
52539,1,0,0
52540,1,0,0
52541,1,0,0
52542,1,0,0
52543,1,0,0
52544,1,0,0
52545,1,0,0
52546,1,0,0
52547,1,0,0
52548,1,0,0
52549,1,0,0
52550,1,0,0
52551,1,0,0
52552,1,0,0
52553,1,0,0
52554,1,0,0
52555,1,0,0
52556,1,0,0
52557,1,0,0
52558,1,0,0
52559,1,0,0
52560,1,0,0
52561,1,0,0
52562,1,0,0
52563,1,0,0
52564,1,0,0
52565,1,0,0
52566,1,0,0
52567,1,0,0
52568,1,0,0
52569,1,0,0
52570,1,0,0
52571,1,0,0
52572,1,0,0
52573,1,0,0
52574,1,0,0
52575,1,0,0
52576,1,0,0
52577,1,0,0
52578,1,0,0
52579,1,0,0
52580,1,0,0
52581,1,0,0
52582,1,0,0
52583,1,0,0
52584,1,0,0
52585,1,0,0
52586,1,0,0
52587,1,0,0
52588,1,0,0
52589,1,0,0
52590,1,0,0
52591,1,0,0
52592,1,0,0
52593,1,0,0
52594,1,0,0
52595,1,0,0
52596,1,0,0
52597,1,0,0
52598,1,0,0
52599,1,0,0
52600,1,0,0
52601,1,0,0
52602,1,0,0
52603,1,0,0
52604,1,0,0
52605,1,0,0
52606,1,0,0
52607,1,0,0
52608,1,0,0
52609,1,0,0
52610,1,0,0
52611,1,0,0
52612,1,0,0
52613,1,0,0
52614,1,0,0
52615,1,0,0
52616,1,0,0
52617,1,0,0
52618,1,0,0
52619,1,0,0
52620,1,0,0
52621,1,0,0
52622,1,0,0
52623,1,0,0
52624,1,0,0
52625,1,0,0
52626,1,0,0
52627,1,0,0
52628,1,0,0
52629,1,0,0
52630,1,0,0
52631,1,0,0
52632,1,0,0
52633,1,0,0
52634,1,0,0
52635,1,0,0
52636,1,0,0
52637,1,0,0
52638,1,0,0
52639,1,0,0
52640,1,0,0
52641,1,0,0
52642,1,0,0
52643,1,0,0
52644,1,0,0
52645,1,0,0
52646,1,0,0
52647,1,0,0
52648,1,0,0
52649,1,0,0
52650,1,0,0
52651,1,0,0
52652,1,0,0
52653,1,0,0
52654,1,0,0
52655,1,0,0
52656,1,0,0
52657,1,0,0
52658,1,0,0
52659,1,0,0
52660,1,0,0
52661,1,0,0
52662,1,0,0
52663,1,0,0
52664,1,0,0
52665,1,0,0
52666,1,0,0
52667,1,0,0
52668,1,0,0
52669,1,0,0
52670,1,0,0
52671,1,0,0
52672,1,0,0
52673,1,0,0
52674,1,0,0
52675,1,0,0
52676,1,0,0
52677,1,0,0
52678,1,0,0
52679,1,0,0
52680,1,0,0
52681,1,0,0
52682,1,0,0
52683,1,0,0
52684,1,0,0
52685,1,0,0
52686,1,0,0
52687,1,0,0
52688,1,0,0
52689,1,0,0
52690,1,0,0
52691,1,0,0
52692,1,0,0
52693,1,0,0
52694,1,0,0
52695,1,0,0
52696,1,0,0
52697,1,0,0
52698,1,0,0
52699,1,0,0
52700,1,0,0
52701,1,0,0
52702,1,0,0
52703,1,0,0
52704,1,0,0
52705,1,0,0
52706,1,0,0
52707,1,0,0
52708,1,0,0
52709,1,0,0
52710,1,0,0
52711,1,0,0
52712,1,0,0
52713,1,0,0
52714,1,0,0
52715,1,0,0
52716,1,0,0
52717,1,0,0
52718,1,0,0
52719,1,0,0
52720,1,0,0
52721,1,0,0
52722,1,0,0
52723,1,0,0
52724,1,0,0
52725,1,0,0
52726,1,0,0
52727,1,0,0
52728,1,0,0
52729,1,0,0
52730,1,0,0
52731,1,0,0
52732,1,0,0
52733,1,0,0
52734,1,0,0
52735,1,0,0
52736,1,0,0
52737,1,0,0
52738,1,0,0
52739,1,0,0
52740,1,0,0
52741,1,0,0
52742,1,0,0
52743,1,0,0
52744,1,0,0
52745,1,0,0
52746,1,0,0
52747,1,0,0
52748,1,0,0
52749,1,0,0
52750,1,0,0
52751,1,0,0
52752,1,0,0
52753,1,0,0
52754,1,0,0
52755,1,0,0
52756,1,0,0
52757,1,0,0
52758,1,0,0
52759,1,0,0
52760,1,0,0
52761,1,0,0
52762,1,0,0
52763,1,0,0
52764,1,0,0
52765,1,0,0
52766,1,0,0
52767,1,0,0
52768,1,0,0
52769,1,0,0
52770,1,0,0
52771,1,0,0
52772,1,0,0
52773,1,0,0
52774,1,0,0
52775,1,0,0
52776,1,0,0
52777,1,0,0
52778,1,0,0
52779,1,0,0
52780,1,0,0
52781,1,0,0
52782,1,0,0
52783,1,0,0
52784,1,0,0
52785,1,0,0
52786,1,0,0
52787,1,0,0
52788,1,0,0
52789,1,0,0
52790,1,0,0
52791,1,0,0
52792,1,0,0
52793,1,0,0
52794,1,0,0
52795,1,0,0
52796,1,0,0
52797,1,0,0
52798,0,1,0
52799,0,1,0
52800,0,1,0
52801,0,1,0
52802,0,1,0
52803,0,1,0
52804,0,1,0
52805,0,1,0
52806,0,1,0
52807,0,1,0
52808,0,1,0
52809,0,1,0
52810,0,1,0
52811,0,1,0
52812,0,1,0
52813,0,1,0
52814,0,1,0
52815,0,1,0
52816,0,1,0
52817,0,1,0
52818,0,1,0
52819,1,0,0
52820,1,0,0
52821,1,0,0
52822,1,0,0
52823,1,0,0
52824,1,0,0
52825,1,0,0
52826,1,0,0
52827,1,0,0
52828,1,0,0
52829,1,0,0
52830,1,0,0
52831,1,0,0
52832,1,0,0
52833,1,0,0
52834,1,0,0
52835,1,0,0
52836,1,0,0
52837,1,0,0
52838,1,0,0
52839,1,0,0
52840,1,0,0
52841,1,0,0
52842,1,0,0
52843,1,0,0
52844,1,0,0
52845,1,0,0
52846,1,0,0
52847,1,0,0
52848,1,0,0
52849,1,0,0
52850,1,0,0
52851,1,0,0
52852,1,0,0
52853,1,0,0
52854,1,0,0
52855,1,0,0
52856,1,0,0
52857,1,0,0
52858,1,0,0
52859,1,0,0
52860,1,0,0
52861,1,0,0
52862,1,0,0
52863,1,0,0
52864,1,0,0
52865,1,0,0
52866,1,0,0
52867,1,0,0
52868,1,0,0
52869,1,0,0
52870,1,0,0
52871,1,0,0
52872,1,0,0
52873,1,0,0
52874,1,0,0
52875,1,0,0
52876,1,0,0
52877,1,0,0
52878,1,0,0
52879,1,0,0
52880,1,0,0
52881,1,0,0
52882,1,0,0
52883,1,0,0
52884,1,0,0
52885,1,0,0
52886,1,0,0
52887,1,0,0
52888,1,0,0
52889,1,0,0
52890,1,0,0
52891,1,0,0
52892,1,0,0
52893,1,0,0
52894,1,0,0
52895,1,0,0
52896,1,0,0
52897,1,0,0
52898,1,0,0
52899,1,0,0
52900,1,0,0
52901,1,0,0
52902,1,0,0
52903,1,0,0
52904,1,0,0
52905,1,0,0
52906,1,0,0
52907,1,0,0
52908,1,0,0
52909,1,0,0
52910,1,0,0
52911,1,0,0
52912,1,0,0
52913,1,0,0
52914,1,0,0
52915,1,0,0
52916,1,0,0
52917,1,0,0
52918,1,0,0
52919,1,0,0
52920,1,0,0
52921,1,0,0
52922,1,0,0
52923,1,0,0
52924,1,0,0
52925,1,0,0
52926,1,0,0
52927,1,0,0
52928,1,0,0
52929,1,0,0
52930,1,0,0
52931,1,0,0
52932,1,0,0
52933,1,0,0
52934,1,0,0
52935,1,0,0
52936,1,0,0
52937,1,0,0
52938,1,0,0
52939,1,0,0
52940,1,0,0
52941,1,0,0
52942,1,0,0
52943,1,0,0
52944,1,0,0
52945,1,0,0
52946,1,0,0
52947,1,0,0
52948,1,0,0
52949,1,0,0
52950,1,0,0
52951,1,0,0
52952,1,0,0
52953,1,0,0
52954,1,0,0
52955,1,0,0
52956,1,0,0
52957,1,0,0
52958,1,0,0
52959,1,0,0
52960,1,0,0
52961,1,0,0
52962,1,0,0
52963,1,0,0
52964,1,0,0
52965,1,0,0
52966,1,0,0
52967,1,0,0
52968,1,0,0
52969,1,0,0
52970,1,0,0
52971,1,0,0
52972,1,0,0
52973,1,0,0
52974,1,0,0
52975,1,0,0
52976,1,0,0
52977,1,0,0
52978,1,0,0
52979,1,0,0
52980,1,0,0
52981,1,0,0
52982,1,0,0
52983,1,0,0
52984,1,0,0
52985,1,0,0
52986,1,0,0
52987,1,0,0
52988,1,0,0
52989,1,0,0
52990,1,0,0
52991,1,0,0
52992,1,0,0
52993,1,0,0
52994,1,0,0
52995,1,0,0
52996,1,0,0
52997,1,0,0
52998,1,0,0
52999,1,0,0
53000,1,0,0
53001,1,0,0
53002,1,0,0
53003,1,0,0
53004,1,0,0
53005,1,0,0
53006,1,0,0
53007,1,0,0
53008,1,0,0
53009,1,0,0
53010,1,0,0
53011,1,0,0
53012,1,0,0
53013,1,0,0
53014,1,0,0
53015,1,0,0
53016,1,0,0
53017,1,0,0
53018,1,0,0
53019,1,0,0
53020,1,0,0
53021,1,0,0
53022,1,0,0
53023,1,0,0
53024,1,0,0
53025,1,0,0
53026,1,0,0
53027,1,0,0
53028,1,0,0
53029,1,0,0
53030,1,0,0
53031,1,0,0
53032,1,0,0
53033,1,0,0
53034,1,0,0
53035,1,0,0
53036,1,0,0
53037,1,0,0
53038,1,0,0
53039,1,0,0
53040,1,0,0
53041,1,0,0
53042,1,0,0
53043,1,0,0
53044,1,0,0
53045,1,0,0
53046,1,0,0
53047,1,0,0
53048,1,0,0
53049,1,0,0
53050,1,0,0
53051,1,0,0
53052,1,0,0
53053,1,0,0
53054,1,0,0
53055,1,0,0
53056,1,0,0
53057,1,0,0
53058,1,0,0
53059,1,0,0
53060,1,0,0
53061,1,0,0
53062,1,0,0
53063,1,0,0
53064,1,0,0
53065,1,0,0
53066,1,0,0
53067,1,0,0
53068,1,0,0
53069,1,0,0
53070,1,0,0
53071,1,0,0
53072,1,0,0
53073,1,0,0
53074,1,0,0
53075,1,0,0
53076,1,0,0
53077,1,0,0
53078,1,0,0
53079,1,0,0
53080,1,0,0
53081,1,0,0
53082,1,0,0
53083,1,0,0
53084,1,0,0
53085,1,0,0
53086,1,0,0
53087,1,0,0
53088,1,0,0
53089,1,0,0
53090,1,0,0
53091,1,0,0
53092,1,0,0
53093,1,0,0
53094,1,0,0
53095,1,0,0
53096,1,0,0
53097,1,0,0
53098,1,0,0
53099,1,0,0
53100,1,0,0
53101,1,0,0
53102,1,0,0
53103,1,0,0
53104,1,0,0
53105,1,0,0
53106,1,0,0
53107,1,0,0
53108,1,0,0
53109,1,0,0
53110,1,0,0
53111,1,0,0
53112,1,0,0
53113,1,0,0
53114,1,0,0
53115,1,0,0
53116,1,0,0
53117,1,0,0
53118,1,0,0
53119,1,0,0
53120,1,0,0
53121,1,0,0
53122,1,0,0
53123,1,0,0
53124,1,0,0
53125,1,0,0
53126,1,0,0
53127,1,0,0
53128,1,0,0
53129,1,0,0
53130,1,0,0
53131,1,0,0
53132,1,0,0
53133,1,0,0
53134,1,0,0
53135,1,0,0
53136,1,0,0
53137,1,0,0
53138,1,0,0
53139,1,0,0
53140,1,0,0
53141,1,0,0
53142,1,0,0
53143,1,0,0
53144,1,0,0
53145,1,0,0
53146,1,0,0
53147,1,0,0
53148,1,0,0
53149,1,0,0
53150,1,0,0
53151,1,0,0
53152,1,0,0
53153,1,0,0
53154,1,0,0
53155,1,0,0
53156,1,0,0
53157,1,0,0
53158,1,0,0
53159,1,0,0
53160,1,0,0
53161,1,0,0
53162,1,0,0
53163,1,0,0
53164,1,0,0
53165,1,0,0
53166,1,0,0
53167,1,0,0
53168,1,0,0
53169,1,0,0
53170,1,0,0
53171,1,0,0
53172,1,0,0
53173,1,0,0
53174,1,0,0
53175,1,0,0
53176,1,0,0
53177,1,0,0
53178,1,0,0
53179,1,0,0
53180,1,0,0
53181,1,0,0
53182,1,0,0
53183,1,0,0
53184,1,0,0
53185,1,0,0
53186,1,0,0
53187,1,0,0
53188,1,0,0
53189,1,0,0
53190,1,0,0
53191,1,0,0
53192,1,0,0
53193,1,0,0
53194,1,0,0
53195,1,0,0
53196,1,0,0
53197,1,0,0
53198,1,0,0
53199,1,0,0
53200,1,0,0
53201,1,0,0
53202,1,0,0
53203,1,0,0
53204,1,0,0
53205,1,0,0
53206,1,0,0
53207,1,0,0
53208,1,0,0
53209,1,0,0
53210,1,0,0
53211,1,0,0
53212,1,0,0
53213,1,0,0
53214,1,0,0
53215,1,0,0
53216,1,0,0
53217,1,0,0
53218,1,0,0
53219,1,0,0
53220,1,0,0
53221,1,0,0
53222,1,0,0
53223,1,0,0
53224,1,0,0
53225,1,0,0
53226,1,0,0
53227,1,0,0
53228,1,0,0
53229,1,0,0
53230,1,0,0
53231,1,0,0
53232,1,0,0
53233,1,0,0
53234,1,0,0
53235,1,0,0
53236,1,0,0
53237,1,0,0
53238,1,0,0
53239,1,0,0
53240,1,0,0
53241,1,0,0
53242,1,0,0
53243,1,0,0
53244,1,0,0
53245,1,0,0
53246,1,0,0
53247,1,0,0
53248,1,0,0
53249,1,0,0
53250,1,0,0
53251,1,0,0
53252,1,0,0
53253,1,0,0
53254,1,0,0
53255,1,0,0
53256,1,0,0
53257,1,0,0
53258,1,0,0
53259,1,0,0
53260,1,0,0
53261,1,0,0
53262,1,0,0
53263,1,0,0
53264,1,0,0
53265,1,0,0
53266,1,0,0
53267,1,0,0
53268,1,0,0
53269,1,0,0
53270,1,0,0
53271,1,0,0
53272,1,0,0
53273,1,0,0
53274,1,0,0
53275,1,0,0
53276,1,0,0
53277,1,0,0
53278,1,0,0
53279,1,0,0
53280,1,0,0
53281,1,0,0
53282,1,0,0
53283,1,0,0
53284,1,0,0
53285,1,0,0
53286,1,0,0
53287,1,0,0
53288,1,0,0
53289,1,0,0
53290,1,0,0
53291,1,0,0
53292,1,0,0
53293,1,0,0
53294,1,0,0
53295,1,0,0
53296,1,0,0
53297,1,0,0
53298,1,0,0
53299,1,0,0
53300,1,0,0
53301,1,0,0
53302,1,0,0
53303,1,0,0
53304,1,0,0
53305,1,0,0
53306,1,0,0
53307,1,0,0
53308,1,0,0
53309,1,0,0
53310,1,0,0
53311,1,0,0
53312,1,0,0
53313,1,0,0
53314,1,0,0
53315,1,0,0
53316,1,0,0
53317,1,0,0
53318,1,0,0
53319,1,0,0
53320,1,0,0
53321,1,0,0
53322,1,0,0
53323,1,0,0
53324,1,0,0
53325,1,0,0
53326,1,0,0
53327,1,0,0
53328,1,0,0
53329,1,0,0
53330,1,0,0
53331,1,0,0
53332,1,0,0
53333,1,0,0
53334,1,0,0
53335,1,0,0
53336,1,0,0
53337,1,0,0
53338,1,0,0
53339,1,0,0
53340,1,0,0
53341,1,0,0
53342,1,0,0
53343,1,0,0
53344,1,0,0
53345,1,0,0
53346,1,0,0
53347,1,0,0
53348,1,0,0
53349,1,0,0
53350,1,0,0
53351,1,0,0
53352,1,0,0
53353,1,0,0
53354,1,0,0
53355,1,0,0
53356,1,0,0
53357,1,0,0
53358,1,0,0
53359,1,0,0
53360,1,0,0
53361,1,0,0
53362,1,0,0
53363,1,0,0
53364,1,0,0
53365,1,0,0
53366,1,0,0
53367,1,0,0
53368,1,0,0
53369,1,0,0
53370,1,0,0
53371,1,0,0
53372,1,0,0
53373,1,0,0
53374,1,0,0
53375,1,0,0
53376,1,0,0
53377,1,0,0
53378,1,0,0
53379,1,0,0
53380,1,0,0
53381,1,0,0
53382,1,0,0
53383,1,0,0
53384,1,0,0
53385,1,0,0
53386,1,0,0
53387,1,0,0
53388,1,0,0
53389,1,0,0
53390,1,0,0
53391,1,0,0
53392,1,0,0
53393,1,0,0
53394,1,0,0
53395,1,0,0
53396,1,0,0
53397,1,0,0
53398,1,0,0
53399,1,0,0
53400,1,0,0
53401,1,0,0
53402,1,0,0
53403,1,0,0
53404,1,0,0
53405,1,0,0
53406,1,0,0
53407,1,0,0
53408,1,0,0
53409,1,0,0
53410,1,0,0
53411,1,0,0
53412,1,0,0
53413,1,0,0
53414,1,0,0
53415,1,0,0
53416,1,0,0
53417,1,0,0
53418,1,0,0
53419,1,0,0
53420,1,0,0
53421,1,0,0
53422,1,0,0
53423,1,0,0
53424,1,0,0
53425,1,0,0
53426,1,0,0
53427,1,0,0
53428,1,0,0
53429,1,0,0
53430,1,0,0
53431,1,0,0
53432,1,0,0
53433,1,0,0
53434,1,0,0
53435,1,0,0
53436,1,0,0
53437,1,0,0
53438,1,0,0
53439,1,0,0
53440,1,0,0
53441,1,0,0
53442,1,0,0
53443,1,0,0
53444,1,0,0
53445,1,0,0
53446,1,0,0
53447,1,0,0
53448,1,0,0
53449,1,0,0
53450,1,0,0
53451,1,0,0
53452,1,0,0
53453,1,0,0
53454,1,0,0
53455,1,0,0
53456,1,0,0
53457,1,0,0
53458,1,0,0
53459,1,0,0
53460,1,0,0
53461,1,0,0
53462,1,0,0
53463,1,0,0
53464,1,0,0
53465,1,0,0
53466,1,0,0
53467,1,0,0
53468,1,0,0
53469,1,0,0
53470,1,0,0
53471,1,0,0
53472,1,0,0
53473,1,0,0
53474,1,0,0
53475,1,0,0
53476,1,0,0
53477,1,0,0
53478,1,0,0
53479,1,0,0
53480,1,0,0
53481,1,0,0
53482,1,0,0
53483,1,0,0
53484,1,0,0
53485,1,0,0
53486,1,0,0
53487,1,0,0
53488,1,0,0
53489,1,0,0
53490,1,0,0
53491,1,0,0
53492,1,0,0
53493,1,0,0
53494,1,0,0
53495,1,0,0
53496,1,0,0
53497,1,0,0
53498,1,0,0
53499,1,0,0
53500,1,0,0
53501,1,0,0
53502,1,0,0
53503,1,0,0
53504,1,0,0
53505,1,0,0
53506,1,0,0
53507,1,0,0
53508,1,0,0
53509,1,0,0
53510,1,0,0
53511,1,0,0
53512,1,0,0
53513,1,0,0
53514,1,0,0
53515,1,0,0
53516,1,0,0
53517,1,0,0
53518,1,0,0
53519,1,0,0
53520,1,0,0
53521,1,0,0
53522,1,0,0
53523,1,0,0
53524,1,0,0
53525,1,0,0
53526,1,0,0
53527,1,0,0
53528,1,0,0
53529,1,0,0
53530,1,0,0
53531,1,0,0
53532,1,0,0
53533,1,0,0
53534,1,0,0
53535,1,0,0
53536,1,0,0
53537,1,0,0
53538,1,0,0
53539,1,0,0
53540,1,0,0
53541,1,0,0
53542,1,0,0
53543,1,0,0
53544,1,0,0
53545,1,0,0
53546,1,0,0
53547,1,0,0
53548,1,0,0
53549,1,0,0
53550,1,0,0
53551,1,0,0
53552,1,0,0
53553,1,0,0
53554,1,0,0
53555,1,0,0
53556,1,0,0
53557,1,0,0
53558,1,0,0
53559,1,0,0
53560,1,0,0
53561,1,0,0
53562,1,0,0
53563,1,0,0
53564,1,0,0
53565,1,0,0
53566,1,0,0
53567,1,0,0
53568,1,0,0
53569,1,0,0
53570,1,0,0
53571,1,0,0
53572,1,0,0
53573,1,0,0
53574,1,0,0
53575,1,0,0
53576,1,0,0
53577,1,0,0
53578,1,0,0
53579,1,0,0
53580,1,0,0
53581,1,0,0
53582,1,0,0
53583,1,0,0
53584,1,0,0
53585,1,0,0
53586,1,0,0
53587,1,0,0
53588,1,0,0
53589,1,0,0
53590,1,0,0
53591,1,0,0
53592,1,0,0
53593,1,0,0
53594,1,0,0
53595,1,0,0
53596,1,0,0
53597,1,0,0
53598,1,0,0
53599,1,0,0
53600,1,0,0
53601,1,0,0
53602,1,0,0
53603,1,0,0
53604,1,0,0
53605,1,0,0
53606,1,0,0
53607,1,0,0
53608,1,0,0
53609,1,0,0
53610,1,0,0
53611,1,0,0
53612,1,0,0
53613,1,0,0
53614,1,0,0
53615,1,0,0
53616,1,0,0
53617,1,0,0
53618,1,0,0
53619,1,0,0
53620,1,0,0
53621,1,0,0
53622,1,0,0
53623,1,0,0
53624,1,0,0
53625,1,0,0
53626,1,0,0
53627,1,0,0
53628,1,0,0
53629,1,0,0
53630,1,0,0
53631,1,0,0
53632,1,0,0
53633,1,0,0
53634,1,0,0
53635,1,0,0
53636,1,0,0
53637,1,0,0
53638,1,0,0
53639,1,0,0
53640,1,0,0
53641,1,0,0
53642,1,0,0
53643,1,0,0
53644,1,0,0
53645,1,0,0
53646,1,0,0
53647,1,0,0
53648,1,0,0
53649,0,0,1
53650,0,0,1
53651,0,0,1
53652,0,0,1
53653,0,0,1
53654,0,0,1
53655,0,0,1
53656,0,0,1
53657,0,0,1
53658,0,0,1
53659,0,0,1
53660,0,0,1
53661,0,0,1
53662,0,0,1
53663,0,0,1
53664,0,0,1
53665,0,0,1
53666,0,0,1
53667,0,0,1
53668,0,0,1
53669,0,0,1
53670,0,0,1
53671,1,0,0
53672,1,0,0
53673,1,0,0
53674,1,0,0
53675,1,0,0
53676,1,0,0
53677,1,0,0
53678,1,0,0
53679,1,0,0
53680,1,0,0
53681,1,0,0
53682,1,0,0
53683,1,0,0
53684,1,0,0
53685,1,0,0
53686,1,0,0
53687,1,0,0
53688,1,0,0
53689,1,0,0
53690,1,0,0
53691,1,0,0
53692,1,0,0
53693,1,0,0
53694,1,0,0
53695,1,0,0
53696,1,0,0
53697,1,0,0
53698,1,0,0
53699,1,0,0
53700,1,0,0
53701,1,0,0
53702,1,0,0
53703,1,0,0
53704,1,0,0
53705,1,0,0
53706,1,0,0
53707,1,0,0
53708,1,0,0
53709,1,0,0
53710,1,0,0
53711,1,0,0
53712,1,0,0
53713,1,0,0
53714,1,0,0
53715,1,0,0
53716,1,0,0
53717,1,0,0
53718,1,0,0
53719,1,0,0
53720,1,0,0
53721,1,0,0
53722,1,0,0
53723,1,0,0
53724,1,0,0
53725,1,0,0
53726,1,0,0
53727,1,0,0
53728,1,0,0
53729,1,0,0
53730,1,0,0
53731,1,0,0
53732,1,0,0
53733,1,0,0
53734,1,0,0
53735,1,0,0
53736,1,0,0
53737,1,0,0
53738,1,0,0
53739,1,0,0
53740,1,0,0
53741,1,0,0
53742,1,0,0
53743,1,0,0
53744,1,0,0
53745,1,0,0
53746,1,0,0
53747,1,0,0
53748,1,0,0
53749,1,0,0
53750,1,0,0
53751,1,0,0
53752,1,0,0
53753,1,0,0
53754,1,0,0
53755,1,0,0
53756,1,0,0
53757,1,0,0
53758,1,0,0
53759,1,0,0
53760,1,0,0
53761,1,0,0
53762,1,0,0
53763,1,0,0
53764,1,0,0
53765,1,0,0
53766,1,0,0
53767,1,0,0
53768,1,0,0
53769,1,0,0
53770,1,0,0
53771,1,0,0
53772,1,0,0
53773,1,0,0
53774,1,0,0
53775,1,0,0
53776,1,0,0
53777,1,0,0
53778,1,0,0
53779,1,0,0
53780,1,0,0
53781,1,0,0
53782,1,0,0
53783,1,0,0
53784,1,0,0
53785,1,0,0
53786,1,0,0
53787,1,0,0
53788,1,0,0
53789,1,0,0
53790,1,0,0
53791,1,0,0
53792,1,0,0
53793,1,0,0
53794,0,1,0
53795,0,1,0
53796,0,1,0
53797,0,1,0
53798,0,1,0
53799,0,1,0
53800,0,1,0
53801,0,1,0
53802,0,1,0
53803,0,1,0
53804,0,1,0
53805,0,1,0
53806,0,1,0
53807,0,1,0
53808,1,0,0
53809,1,0,0
53810,1,0,0
53811,1,0,0
53812,1,0,0
53813,1,0,0
53814,1,0,0
53815,1,0,0
53816,1,0,0
53817,1,0,0
53818,1,0,0
53819,1,0,0
53820,1,0,0
53821,1,0,0
53822,1,0,0
53823,1,0,0
53824,1,0,0
53825,1,0,0
53826,1,0,0
53827,1,0,0
53828,1,0,0
53829,1,0,0
53830,1,0,0
53831,1,0,0
53832,1,0,0
53833,1,0,0
53834,1,0,0
53835,1,0,0
53836,1,0,0
53837,1,0,0
53838,1,0,0
53839,1,0,0
53840,1,0,0
53841,1,0,0
53842,1,0,0
53843,1,0,0
53844,1,0,0
53845,1,0,0
53846,1,0,0
53847,1,0,0
53848,1,0,0
53849,1,0,0
53850,1,0,0
53851,1,0,0
53852,1,0,0
53853,1,0,0
53854,1,0,0
53855,1,0,0
53856,1,0,0
53857,1,0,0
53858,1,0,0
53859,1,0,0
53860,1,0,0
53861,1,0,0
53862,1,0,0
53863,1,0,0
53864,1,0,0
53865,1,0,0
53866,1,0,0
53867,1,0,0
53868,1,0,0
53869,1,0,0
53870,1,0,0
53871,1,0,0
53872,1,0,0
53873,1,0,0
53874,1,0,0
53875,1,0,0
53876,1,0,0
53877,1,0,0
53878,1,0,0
53879,1,0,0
53880,1,0,0
53881,1,0,0
53882,1,0,0
53883,1,0,0
53884,1,0,0
53885,1,0,0
53886,1,0,0
53887,1,0,0
53888,1,0,0
53889,1,0,0
53890,1,0,0
53891,1,0,0
53892,1,0,0
53893,1,0,0
53894,1,0,0
53895,1,0,0
53896,1,0,0
53897,1,0,0
53898,1,0,0
53899,1,0,0
53900,1,0,0
53901,1,0,0
53902,1,0,0
53903,1,0,0
53904,1,0,0
53905,1,0,0
53906,1,0,0
53907,1,0,0
53908,1,0,0
53909,1,0,0
53910,1,0,0
53911,1,0,0
53912,1,0,0
53913,1,0,0
53914,1,0,0
53915,1,0,0
53916,1,0,0
53917,1,0,0
53918,1,0,0
53919,1,0,0
53920,1,0,0
53921,1,0,0
53922,1,0,0
53923,1,0,0
53924,1,0,0
53925,1,0,0
53926,1,0,0
53927,1,0,0
53928,1,0,0
53929,1,0,0
53930,1,0,0
53931,1,0,0
53932,1,0,0
53933,1,0,0
53934,1,0,0
53935,1,0,0
53936,1,0,0
53937,1,0,0
53938,1,0,0
53939,1,0,0
53940,1,0,0
53941,1,0,0
53942,1,0,0
53943,1,0,0
53944,1,0,0
53945,1,0,0
53946,1,0,0
53947,1,0,0
53948,1,0,0
53949,1,0,0
53950,1,0,0
53951,1,0,0
53952,1,0,0
53953,1,0,0
53954,1,0,0
53955,1,0,0
53956,1,0,0
53957,1,0,0
53958,1,0,0
53959,1,0,0
53960,1,0,0
53961,1,0,0
53962,1,0,0
53963,1,0,0
53964,1,0,0
53965,1,0,0
53966,1,0,0
53967,1,0,0
53968,1,0,0
53969,1,0,0
53970,1,0,0
53971,1,0,0
53972,1,0,0
53973,1,0,0
53974,1,0,0
53975,1,0,0
53976,1,0,0
53977,1,0,0
53978,1,0,0
53979,1,0,0
53980,1,0,0
53981,1,0,0
53982,1,0,0
53983,1,0,0
53984,1,0,0
53985,1,0,0
53986,1,0,0
53987,1,0,0
53988,1,0,0
53989,1,0,0
53990,1,0,0
53991,1,0,0
53992,1,0,0
53993,1,0,0
53994,1,0,0
53995,1,0,0
53996,1,0,0
53997,1,0,0
53998,1,0,0
53999,1,0,0
54000,1,0,0
54001,1,0,0
54002,1,0,0
54003,1,0,0
54004,1,0,0
54005,1,0,0
54006,1,0,0
54007,1,0,0
54008,1,0,0
54009,1,0,0
54010,1,0,0
54011,1,0,0
54012,1,0,0
54013,1,0,0
54014,1,0,0
54015,1,0,0
54016,1,0,0
54017,1,0,0
54018,1,0,0
54019,1,0,0
54020,1,0,0
54021,1,0,0
54022,1,0,0
54023,1,0,0
54024,1,0,0
54025,1,0,0
54026,1,0,0
54027,1,0,0
54028,1,0,0
54029,1,0,0
54030,1,0,0
54031,1,0,0
54032,1,0,0
54033,1,0,0
54034,1,0,0
54035,1,0,0
54036,1,0,0
54037,1,0,0
54038,1,0,0
54039,1,0,0
54040,1,0,0
54041,1,0,0
54042,1,0,0
54043,1,0,0
54044,1,0,0
54045,1,0,0
54046,1,0,0
54047,1,0,0
54048,1,0,0
54049,1,0,0
54050,1,0,0
54051,1,0,0
54052,1,0,0
54053,1,0,0
54054,1,0,0
54055,1,0,0
54056,1,0,0
54057,1,0,0
54058,1,0,0
54059,1,0,0
54060,1,0,0
54061,1,0,0
54062,1,0,0
54063,1,0,0
54064,1,0,0
54065,1,0,0
54066,1,0,0
54067,1,0,0
54068,1,0,0
54069,1,0,0
54070,1,0,0
54071,1,0,0
54072,1,0,0
54073,1,0,0
54074,1,0,0
54075,1,0,0
54076,1,0,0
54077,1,0,0
54078,1,0,0
54079,1,0,0
54080,1,0,0
54081,1,0,0
54082,1,0,0
54083,1,0,0
54084,1,0,0
54085,1,0,0
54086,1,0,0
54087,1,0,0
54088,1,0,0
54089,1,0,0
54090,1,0,0
54091,1,0,0
54092,1,0,0
54093,1,0,0
54094,1,0,0
54095,1,0,0
54096,1,0,0
54097,1,0,0
54098,1,0,0
54099,1,0,0
54100,1,0,0
54101,1,0,0
54102,1,0,0
54103,1,0,0
54104,1,0,0
54105,1,0,0
54106,1,0,0
54107,1,0,0
54108,1,0,0
54109,1,0,0
54110,1,0,0
54111,1,0,0
54112,1,0,0
54113,1,0,0
54114,1,0,0
54115,1,0,0
54116,1,0,0
54117,1,0,0
54118,1,0,0
54119,1,0,0
54120,1,0,0
54121,1,0,0
54122,1,0,0
54123,1,0,0
54124,1,0,0
54125,1,0,0
54126,1,0,0
54127,1,0,0
54128,1,0,0
54129,1,0,0
54130,1,0,0
54131,1,0,0
54132,1,0,0
54133,1,0,0
54134,1,0,0
54135,1,0,0
54136,1,0,0
54137,1,0,0
54138,1,0,0
54139,1,0,0
54140,1,0,0
54141,1,0,0
54142,1,0,0
54143,1,0,0
54144,1,0,0
54145,1,0,0
54146,1,0,0
54147,1,0,0
54148,1,0,0
54149,1,0,0
54150,1,0,0
54151,1,0,0
54152,1,0,0
54153,1,0,0
54154,1,0,0
54155,1,0,0
54156,1,0,0
54157,1,0,0
54158,1,0,0
54159,1,0,0
54160,1,0,0
54161,1,0,0
54162,1,0,0
54163,1,0,0
54164,1,0,0
54165,1,0,0
54166,1,0,0
54167,1,0,0
54168,1,0,0
54169,1,0,0
54170,1,0,0
54171,1,0,0
54172,1,0,0
54173,1,0,0
54174,1,0,0
54175,1,0,0
54176,1,0,0
54177,1,0,0
54178,1,0,0
54179,1,0,0
54180,1,0,0
54181,1,0,0
54182,1,0,0
54183,1,0,0
54184,1,0,0
54185,1,0,0
54186,1,0,0
54187,1,0,0
54188,1,0,0
54189,1,0,0
54190,1,0,0
54191,1,0,0
54192,1,0,0
54193,1,0,0
54194,1,0,0
54195,1,0,0
54196,1,0,0
54197,1,0,0
54198,1,0,0
54199,1,0,0
54200,1,0,0
54201,1,0,0
54202,1,0,0
54203,1,0,0
54204,1,0,0
54205,1,0,0
54206,1,0,0
54207,1,0,0
54208,1,0,0
54209,1,0,0
54210,1,0,0
54211,1,0,0
54212,1,0,0
54213,1,0,0
54214,1,0,0
54215,1,0,0
54216,1,0,0
54217,1,0,0
54218,1,0,0
54219,1,0,0
54220,1,0,0
54221,1,0,0
54222,1,0,0
54223,1,0,0
54224,1,0,0
54225,1,0,0
54226,1,0,0
54227,1,0,0
54228,1,0,0
54229,1,0,0
54230,1,0,0
54231,1,0,0
54232,1,0,0
54233,1,0,0
54234,1,0,0
54235,1,0,0
54236,1,0,0
54237,1,0,0
54238,1,0,0
54239,1,0,0
54240,1,0,0
54241,1,0,0
54242,1,0,0
54243,1,0,0
54244,1,0,0
54245,1,0,0
54246,1,0,0
54247,1,0,0
54248,1,0,0
54249,1,0,0
54250,1,0,0
54251,1,0,0
54252,1,0,0
54253,1,0,0
54254,1,0,0
54255,1,0,0
54256,1,0,0
54257,1,0,0
54258,1,0,0
54259,1,0,0
54260,1,0,0
54261,1,0,0
54262,1,0,0
54263,1,0,0
54264,1,0,0
54265,1,0,0
54266,1,0,0
54267,1,0,0
54268,1,0,0
54269,1,0,0
54270,1,0,0
54271,1,0,0
54272,1,0,0
54273,1,0,0
54274,1,0,0
54275,1,0,0
54276,1,0,0
54277,1,0,0
54278,1,0,0
54279,1,0,0
54280,1,0,0
54281,1,0,0
54282,1,0,0
54283,1,0,0
54284,1,0,0
54285,1,0,0
54286,1,0,0
54287,1,0,0
54288,1,0,0
54289,1,0,0
54290,1,0,0
54291,1,0,0
54292,1,0,0
54293,1,0,0
54294,1,0,0
54295,1,0,0
54296,1,0,0
54297,1,0,0
54298,1,0,0
54299,1,0,0
54300,1,0,0
54301,1,0,0
54302,1,0,0
54303,1,0,0
54304,1,0,0
54305,1,0,0
54306,1,0,0
54307,1,0,0
54308,1,0,0
54309,1,0,0
54310,1,0,0
54311,1,0,0
54312,1,0,0
54313,1,0,0
54314,1,0,0
54315,1,0,0
54316,1,0,0
54317,1,0,0
54318,1,0,0
54319,1,0,0
54320,1,0,0
54321,1,0,0
54322,1,0,0
54323,1,0,0
54324,1,0,0
54325,1,0,0
54326,1,0,0
54327,1,0,0
54328,1,0,0
54329,1,0,0
54330,1,0,0
54331,1,0,0
54332,1,0,0
54333,1,0,0
54334,1,0,0
54335,1,0,0
54336,1,0,0
54337,1,0,0
54338,1,0,0
54339,1,0,0
54340,1,0,0
54341,1,0,0
54342,1,0,0
54343,1,0,0
54344,1,0,0
54345,1,0,0
54346,1,0,0
54347,1,0,0
54348,1,0,0
54349,1,0,0
54350,1,0,0
54351,1,0,0
54352,1,0,0
54353,1,0,0
54354,1,0,0
54355,1,0,0
54356,1,0,0
54357,1,0,0
54358,1,0,0
54359,1,0,0
54360,1,0,0
54361,1,0,0
54362,1,0,0
54363,1,0,0
54364,1,0,0
54365,1,0,0
54366,1,0,0
54367,1,0,0
54368,1,0,0
54369,1,0,0
54370,1,0,0
54371,1,0,0
54372,1,0,0
54373,1,0,0
54374,1,0,0
54375,1,0,0
54376,1,0,0
54377,1,0,0
54378,1,0,0
54379,1,0,0
54380,1,0,0
54381,1,0,0
54382,1,0,0
54383,1,0,0
54384,1,0,0
54385,1,0,0
54386,1,0,0
54387,1,0,0
54388,1,0,0
54389,1,0,0
54390,1,0,0
54391,1,0,0
54392,1,0,0
54393,1,0,0
54394,1,0,0
54395,1,0,0
54396,1,0,0
54397,1,0,0
54398,1,0,0
54399,1,0,0
54400,1,0,0
54401,1,0,0
54402,1,0,0
54403,1,0,0
54404,1,0,0
54405,1,0,0
54406,1,0,0
54407,1,0,0
54408,1,0,0
54409,1,0,0
54410,1,0,0
54411,1,0,0
54412,1,0,0
54413,1,0,0
54414,1,0,0
54415,1,0,0
54416,1,0,0
54417,1,0,0
54418,1,0,0
54419,1,0,0
54420,1,0,0
54421,1,0,0
54422,1,0,0
54423,1,0,0
54424,1,0,0
54425,1,0,0
54426,1,0,0
54427,1,0,0
54428,1,0,0
54429,1,0,0
54430,1,0,0
54431,1,0,0
54432,1,0,0
54433,1,0,0
54434,1,0,0
54435,1,0,0
54436,1,0,0
54437,1,0,0
54438,1,0,0
54439,1,0,0
54440,1,0,0
54441,1,0,0
54442,1,0,0
54443,1,0,0
54444,1,0,0
54445,1,0,0
54446,1,0,0
54447,1,0,0
54448,1,0,0
54449,1,0,0
54450,1,0,0
54451,1,0,0
54452,1,0,0
54453,1,0,0
54454,1,0,0
54455,1,0,0
54456,1,0,0
54457,1,0,0
54458,1,0,0
54459,1,0,0
54460,1,0,0
54461,1,0,0
54462,1,0,0
54463,1,0,0
54464,1,0,0
54465,1,0,0
54466,1,0,0
54467,1,0,0
54468,1,0,0
54469,1,0,0
54470,1,0,0
54471,1,0,0
54472,1,0,0
54473,1,0,0
54474,1,0,0
54475,1,0,0
54476,1,0,0
54477,1,0,0
54478,1,0,0
54479,1,0,0
54480,1,0,0
54481,1,0,0
54482,1,0,0
54483,1,0,0
54484,1,0,0
54485,1,0,0
54486,1,0,0
54487,1,0,0
54488,1,0,0
54489,1,0,0
54490,1,0,0
54491,1,0,0
54492,1,0,0
54493,1,0,0
54494,1,0,0
54495,1,0,0
54496,1,0,0
54497,1,0,0
54498,1,0,0
54499,1,0,0
54500,1,0,0
54501,1,0,0
54502,1,0,0
54503,1,0,0
54504,1,0,0
54505,1,0,0
54506,1,0,0
54507,1,0,0
54508,1,0,0
54509,1,0,0
54510,1,0,0
54511,1,0,0
54512,1,0,0
54513,1,0,0
54514,1,0,0
54515,1,0,0
54516,1,0,0
54517,1,0,0
54518,1,0,0
54519,1,0,0
54520,1,0,0
54521,1,0,0
54522,1,0,0
54523,1,0,0
54524,1,0,0
54525,1,0,0
54526,1,0,0
54527,1,0,0
54528,1,0,0
54529,1,0,0
54530,1,0,0
54531,1,0,0
54532,1,0,0
54533,1,0,0
54534,1,0,0
54535,1,0,0
54536,1,0,0
54537,1,0,0
54538,1,0,0
54539,1,0,0
54540,1,0,0
54541,1,0,0
54542,1,0,0
54543,1,0,0
54544,1,0,0
54545,1,0,0
54546,1,0,0
54547,1,0,0
54548,1,0,0
54549,1,0,0
54550,1,0,0
54551,1,0,0
54552,1,0,0
54553,1,0,0
54554,1,0,0
54555,1,0,0
54556,1,0,0
54557,1,0,0
54558,1,0,0
54559,1,0,0
54560,1,0,0
54561,1,0,0
54562,1,0,0
54563,1,0,0
54564,1,0,0
54565,1,0,0
54566,1,0,0
54567,1,0,0
54568,1,0,0
54569,1,0,0
54570,1,0,0
54571,1,0,0
54572,1,0,0
54573,1,0,0
54574,1,0,0
54575,1,0,0
54576,1,0,0
54577,1,0,0
54578,1,0,0
54579,1,0,0
54580,1,0,0
54581,1,0,0
54582,1,0,0
54583,1,0,0
54584,1,0,0
54585,1,0,0
54586,1,0,0
54587,1,0,0
54588,1,0,0
54589,1,0,0
54590,1,0,0
54591,1,0,0
54592,1,0,0
54593,1,0,0
54594,1,0,0
54595,1,0,0
54596,1,0,0
54597,1,0,0
54598,1,0,0
54599,1,0,0
54600,1,0,0
54601,1,0,0
54602,1,0,0
54603,1,0,0
54604,1,0,0
54605,1,0,0
54606,1,0,0
54607,1,0,0
54608,1,0,0
54609,1,0,0
54610,1,0,0
54611,1,0,0
54612,1,0,0
54613,1,0,0
54614,1,0,0
54615,1,0,0
54616,1,0,0
54617,1,0,0
54618,1,0,0
54619,1,0,0
54620,1,0,0
54621,1,0,0
54622,1,0,0
54623,1,0,0
54624,1,0,0
54625,1,0,0
54626,1,0,0
54627,1,0,0
54628,1,0,0
54629,1,0,0
54630,1,0,0
54631,1,0,0
54632,1,0,0
54633,1,0,0
54634,1,0,0
54635,1,0,0
54636,1,0,0
54637,1,0,0
54638,1,0,0
54639,1,0,0
54640,1,0,0
54641,1,0,0
54642,1,0,0
54643,1,0,0
54644,1,0,0
54645,1,0,0
54646,1,0,0
54647,1,0,0
54648,1,0,0
54649,1,0,0
54650,1,0,0
54651,1,0,0
54652,1,0,0
54653,1,0,0
54654,1,0,0
54655,1,0,0
54656,1,0,0
54657,1,0,0
54658,1,0,0
54659,1,0,0
54660,1,0,0
54661,1,0,0
54662,1,0,0
54663,1,0,0
54664,1,0,0
54665,1,0,0
54666,1,0,0
54667,1,0,0
54668,1,0,0
54669,1,0,0
54670,1,0,0
54671,1,0,0
54672,1,0,0
54673,1,0,0
54674,1,0,0
54675,1,0,0
54676,1,0,0
54677,1,0,0
54678,1,0,0
54679,1,0,0
54680,1,0,0
54681,1,0,0
54682,1,0,0
54683,1,0,0
54684,1,0,0
54685,1,0,0
54686,1,0,0
54687,1,0,0
54688,1,0,0
54689,1,0,0
54690,1,0,0
54691,1,0,0
54692,1,0,0
54693,1,0,0
54694,1,0,0
54695,1,0,0
54696,1,0,0
54697,1,0,0
54698,1,0,0
54699,1,0,0
54700,1,0,0
54701,1,0,0
54702,1,0,0
54703,1,0,0
54704,1,0,0
54705,1,0,0
54706,1,0,0
54707,1,0,0
54708,1,0,0
54709,1,0,0
54710,1,0,0
54711,1,0,0
54712,1,0,0
54713,1,0,0
54714,1,0,0
54715,1,0,0
54716,1,0,0
54717,1,0,0
54718,1,0,0
54719,1,0,0
54720,1,0,0
54721,1,0,0
54722,1,0,0
54723,1,0,0
54724,1,0,0
54725,1,0,0
54726,1,0,0
54727,1,0,0
54728,1,0,0
54729,1,0,0
54730,1,0,0
54731,1,0,0
54732,1,0,0
54733,1,0,0
54734,1,0,0
54735,1,0,0
54736,1,0,0
54737,1,0,0
54738,1,0,0
54739,1,0,0
54740,1,0,0
54741,1,0,0
54742,1,0,0
54743,1,0,0
54744,1,0,0
54745,1,0,0
54746,1,0,0
54747,1,0,0
54748,1,0,0
54749,1,0,0
54750,1,0,0
54751,1,0,0
54752,1,0,0
54753,1,0,0
54754,1,0,0
54755,1,0,0
54756,1,0,0
54757,1,0,0
54758,1,0,0
54759,1,0,0
54760,1,0,0
54761,1,0,0
54762,1,0,0
54763,1,0,0
54764,1,0,0
54765,1,0,0
54766,1,0,0
54767,1,0,0
54768,1,0,0
54769,1,0,0
54770,1,0,0
54771,1,0,0
54772,1,0,0
54773,1,0,0
54774,1,0,0
54775,1,0,0
54776,1,0,0
54777,1,0,0
54778,1,0,0
54779,1,0,0
54780,1,0,0
54781,1,0,0
54782,1,0,0
54783,1,0,0
54784,1,0,0
54785,1,0,0
54786,1,0,0
54787,1,0,0
54788,1,0,0
54789,1,0,0
54790,1,0,0
54791,1,0,0
54792,1,0,0
54793,1,0,0
54794,1,0,0
54795,1,0,0
54796,1,0,0
54797,1,0,0
54798,1,0,0
54799,1,0,0
54800,1,0,0
54801,1,0,0
54802,1,0,0
54803,1,0,0
54804,1,0,0
54805,1,0,0
54806,1,0,0
54807,1,0,0
54808,1,0,0
54809,1,0,0
54810,1,0,0
54811,1,0,0
54812,1,0,0
54813,1,0,0
54814,1,0,0
54815,1,0,0
54816,1,0,0
54817,1,0,0
54818,1,0,0
54819,1,0,0
54820,1,0,0
54821,1,0,0
54822,1,0,0
54823,1,0,0
54824,1,0,0
54825,1,0,0
54826,1,0,0
54827,1,0,0
54828,1,0,0
54829,1,0,0
54830,1,0,0
54831,1,0,0
54832,1,0,0
54833,1,0,0
54834,1,0,0
54835,1,0,0
54836,1,0,0
54837,1,0,0
54838,1,0,0
54839,1,0,0
54840,1,0,0
54841,1,0,0
54842,1,0,0
54843,1,0,0
54844,1,0,0
54845,1,0,0
54846,1,0,0
54847,1,0,0
54848,1,0,0
54849,1,0,0
54850,1,0,0
54851,1,0,0
54852,1,0,0
54853,1,0,0
54854,1,0,0
54855,1,0,0
54856,1,0,0
54857,1,0,0
54858,1,0,0
54859,1,0,0
54860,1,0,0
54861,1,0,0
54862,1,0,0
54863,1,0,0
54864,1,0,0
54865,1,0,0
54866,1,0,0
54867,1,0,0
54868,1,0,0
54869,1,0,0
54870,1,0,0
54871,1,0,0
54872,1,0,0
54873,1,0,0
54874,1,0,0
54875,1,0,0
54876,1,0,0
54877,1,0,0
54878,1,0,0
54879,1,0,0
54880,1,0,0
54881,1,0,0
54882,1,0,0
54883,1,0,0
54884,1,0,0
54885,1,0,0
54886,1,0,0
54887,1,0,0
54888,1,0,0
54889,1,0,0
54890,1,0,0
54891,1,0,0
54892,1,0,0
54893,1,0,0
54894,1,0,0
54895,1,0,0
54896,1,0,0
54897,1,0,0
54898,1,0,0
54899,1,0,0
54900,1,0,0
54901,1,0,0
54902,1,0,0
54903,1,0,0
54904,1,0,0
54905,1,0,0
54906,1,0,0
54907,1,0,0
54908,1,0,0
54909,1,0,0
54910,1,0,0
54911,1,0,0
54912,1,0,0
54913,1,0,0
54914,1,0,0
54915,1,0,0
54916,1,0,0
54917,1,0,0
54918,1,0,0
54919,1,0,0
54920,1,0,0
54921,1,0,0
54922,1,0,0
54923,1,0,0
54924,1,0,0
54925,1,0,0
54926,1,0,0
54927,1,0,0
54928,1,0,0
54929,1,0,0
54930,1,0,0
54931,1,0,0
54932,1,0,0
54933,1,0,0
54934,1,0,0
54935,1,0,0
54936,1,0,0
54937,1,0,0
54938,1,0,0
54939,1,0,0
54940,1,0,0
54941,1,0,0
54942,1,0,0
54943,1,0,0
54944,1,0,0
54945,1,0,0
54946,1,0,0
54947,1,0,0
54948,1,0,0
54949,1,0,0
54950,1,0,0
54951,1,0,0
54952,1,0,0
54953,1,0,0
54954,1,0,0
54955,1,0,0
54956,1,0,0
54957,1,0,0
54958,1,0,0
54959,1,0,0
54960,1,0,0
54961,1,0,0
54962,1,0,0
54963,1,0,0
54964,1,0,0
54965,1,0,0
54966,1,0,0
54967,1,0,0
54968,1,0,0
54969,1,0,0
54970,1,0,0
54971,1,0,0
54972,1,0,0
54973,1,0,0
54974,1,0,0
54975,1,0,0
54976,1,0,0
54977,1,0,0
54978,1,0,0
54979,1,0,0
54980,1,0,0
54981,1,0,0
54982,1,0,0
54983,1,0,0
54984,1,0,0
54985,1,0,0
54986,1,0,0
54987,1,0,0
54988,1,0,0
54989,1,0,0
54990,1,0,0
54991,1,0,0
54992,1,0,0
54993,1,0,0
54994,1,0,0
54995,1,0,0
54996,1,0,0
54997,1,0,0
54998,1,0,0
54999,1,0,0
55000,1,0,0
55001,1,0,0
55002,1,0,0
55003,1,0,0
55004,1,0,0
55005,1,0,0
55006,1,0,0
55007,1,0,0
55008,1,0,0
55009,1,0,0
55010,1,0,0
55011,1,0,0
55012,1,0,0
55013,1,0,0
55014,1,0,0
55015,1,0,0
55016,1,0,0
55017,1,0,0
55018,1,0,0
55019,1,0,0
55020,1,0,0
55021,1,0,0
55022,1,0,0
55023,1,0,0
55024,1,0,0
55025,1,0,0
55026,1,0,0
55027,1,0,0
55028,1,0,0
55029,1,0,0
55030,1,0,0
55031,1,0,0
55032,1,0,0
55033,1,0,0
55034,1,0,0
55035,1,0,0
55036,1,0,0
55037,1,0,0
55038,1,0,0
55039,1,0,0
55040,1,0,0
55041,1,0,0
55042,1,0,0
55043,1,0,0
55044,1,0,0
55045,1,0,0
55046,1,0,0
55047,1,0,0
55048,1,0,0
55049,1,0,0
55050,1,0,0
55051,1,0,0
55052,1,0,0
55053,1,0,0
55054,1,0,0
55055,1,0,0
55056,1,0,0
55057,1,0,0
55058,1,0,0
55059,1,0,0
55060,1,0,0
55061,1,0,0
55062,1,0,0
55063,1,0,0
55064,1,0,0
55065,1,0,0
55066,1,0,0
55067,1,0,0
55068,1,0,0
55069,1,0,0
55070,1,0,0
55071,1,0,0
55072,1,0,0
55073,1,0,0
55074,1,0,0
55075,1,0,0
55076,1,0,0
55077,1,0,0
55078,1,0,0
55079,1,0,0
55080,1,0,0
55081,1,0,0
55082,1,0,0
55083,1,0,0
55084,1,0,0
55085,1,0,0
55086,1,0,0
55087,1,0,0
55088,1,0,0
55089,1,0,0
55090,1,0,0
55091,1,0,0
55092,1,0,0
55093,1,0,0
55094,1,0,0
55095,1,0,0
55096,1,0,0
55097,1,0,0
55098,1,0,0
55099,1,0,0
55100,1,0,0
55101,1,0,0
55102,1,0,0
55103,1,0,0
55104,1,0,0
55105,1,0,0
55106,1,0,0
55107,1,0,0
55108,1,0,0
55109,1,0,0
55110,1,0,0
55111,1,0,0
55112,1,0,0
55113,1,0,0
55114,1,0,0
55115,1,0,0
55116,1,0,0
55117,1,0,0
55118,1,0,0
55119,1,0,0
55120,1,0,0
55121,1,0,0
55122,1,0,0
55123,1,0,0
55124,1,0,0
55125,1,0,0
55126,1,0,0
55127,1,0,0
55128,1,0,0
55129,1,0,0
55130,1,0,0
55131,1,0,0
55132,1,0,0
55133,1,0,0
55134,1,0,0
55135,1,0,0
55136,1,0,0
55137,1,0,0
55138,1,0,0
55139,1,0,0
55140,1,0,0
55141,1,0,0
55142,1,0,0
55143,1,0,0
55144,1,0,0
55145,1,0,0
55146,1,0,0
55147,1,0,0
55148,1,0,0
55149,1,0,0
55150,1,0,0
55151,1,0,0
55152,1,0,0
55153,1,0,0
55154,1,0,0
55155,1,0,0
55156,1,0,0
55157,1,0,0
55158,1,0,0
55159,1,0,0
55160,1,0,0
55161,1,0,0
55162,1,0,0
55163,1,0,0
55164,1,0,0
55165,1,0,0
55166,1,0,0
55167,1,0,0
55168,1,0,0
55169,1,0,0
55170,1,0,0
55171,1,0,0
55172,1,0,0
55173,1,0,0
55174,1,0,0
55175,1,0,0
55176,1,0,0
55177,1,0,0
55178,1,0,0
55179,1,0,0
55180,1,0,0
55181,1,0,0
55182,1,0,0
55183,1,0,0
55184,1,0,0
55185,1,0,0
55186,1,0,0
55187,1,0,0
55188,1,0,0
55189,1,0,0
55190,1,0,0
55191,1,0,0
55192,1,0,0
55193,1,0,0
55194,1,0,0
55195,1,0,0
55196,1,0,0
55197,1,0,0
55198,1,0,0
55199,1,0,0
55200,1,0,0
55201,1,0,0
55202,1,0,0
55203,1,0,0
55204,1,0,0
55205,1,0,0
55206,1,0,0
55207,1,0,0
55208,1,0,0
55209,1,0,0
55210,1,0,0
55211,1,0,0
55212,1,0,0
55213,1,0,0
55214,1,0,0
55215,1,0,0
55216,1,0,0
55217,1,0,0
55218,1,0,0
55219,1,0,0
55220,1,0,0
55221,1,0,0
55222,1,0,0
55223,1,0,0
55224,1,0,0
55225,1,0,0
55226,1,0,0
55227,1,0,0
55228,1,0,0
55229,1,0,0
55230,1,0,0
55231,1,0,0
55232,1,0,0
55233,1,0,0
55234,1,0,0
55235,1,0,0
55236,1,0,0
55237,1,0,0
55238,1,0,0
55239,1,0,0
55240,1,0,0
55241,1,0,0
55242,1,0,0
55243,1,0,0
55244,1,0,0
55245,1,0,0
55246,1,0,0
55247,1,0,0
55248,1,0,0
55249,1,0,0
55250,1,0,0
55251,1,0,0
55252,1,0,0
55253,1,0,0
55254,1,0,0
55255,1,0,0
55256,1,0,0
55257,1,0,0
55258,1,0,0
55259,1,0,0
55260,1,0,0
55261,1,0,0
55262,1,0,0
55263,1,0,0
55264,1,0,0
55265,1,0,0
55266,1,0,0
55267,1,0,0
55268,1,0,0
55269,1,0,0
55270,1,0,0
55271,1,0,0
55272,1,0,0
55273,1,0,0
55274,1,0,0
55275,1,0,0
55276,1,0,0
55277,1,0,0
55278,1,0,0
55279,1,0,0
55280,1,0,0
55281,1,0,0
55282,1,0,0
55283,1,0,0
55284,1,0,0
55285,1,0,0
55286,1,0,0
55287,1,0,0
55288,1,0,0
55289,1,0,0
55290,1,0,0
55291,1,0,0
55292,1,0,0
55293,1,0,0
55294,1,0,0
55295,1,0,0
55296,1,0,0
55297,1,0,0
55298,1,0,0
55299,1,0,0
55300,1,0,0
55301,1,0,0
55302,1,0,0
55303,1,0,0
55304,1,0,0
55305,1,0,0
55306,1,0,0
55307,1,0,0
55308,1,0,0
55309,1,0,0
55310,1,0,0
55311,1,0,0
55312,1,0,0
55313,1,0,0
55314,1,0,0
55315,1,0,0
55316,1,0,0
55317,1,0,0
55318,1,0,0
55319,1,0,0
55320,1,0,0
55321,1,0,0
55322,1,0,0
55323,1,0,0
55324,1,0,0
55325,1,0,0
55326,1,0,0
55327,1,0,0
55328,1,0,0
55329,1,0,0
55330,1,0,0
55331,1,0,0
55332,1,0,0
55333,1,0,0
55334,1,0,0
55335,1,0,0
55336,1,0,0
55337,1,0,0
55338,1,0,0
55339,1,0,0
55340,1,0,0
55341,1,0,0
55342,1,0,0
55343,1,0,0
55344,1,0,0
55345,1,0,0
55346,1,0,0
55347,1,0,0
55348,1,0,0
55349,1,0,0
55350,1,0,0
55351,1,0,0
55352,1,0,0
55353,1,0,0
55354,1,0,0
55355,1,0,0
55356,1,0,0
55357,1,0,0
55358,1,0,0
55359,1,0,0
55360,1,0,0
55361,1,0,0
55362,1,0,0
55363,1,0,0
55364,1,0,0
55365,1,0,0
55366,1,0,0
55367,1,0,0
55368,1,0,0
55369,1,0,0
55370,1,0,0
55371,1,0,0
55372,1,0,0
55373,1,0,0
55374,1,0,0
55375,1,0,0
55376,1,0,0
55377,1,0,0
55378,1,0,0
55379,1,0,0
55380,1,0,0
55381,1,0,0
55382,1,0,0
55383,1,0,0
55384,1,0,0
55385,1,0,0
55386,1,0,0
55387,1,0,0
55388,1,0,0
55389,1,0,0
55390,1,0,0
55391,1,0,0
55392,1,0,0
55393,1,0,0
55394,1,0,0
55395,1,0,0
55396,1,0,0
55397,1,0,0
55398,1,0,0
55399,1,0,0
55400,1,0,0
55401,1,0,0
55402,1,0,0
55403,1,0,0
55404,1,0,0
55405,1,0,0
55406,1,0,0
55407,1,0,0
55408,1,0,0
55409,1,0,0
55410,1,0,0
55411,1,0,0
55412,1,0,0
55413,1,0,0
55414,1,0,0
55415,1,0,0
55416,1,0,0
55417,1,0,0
55418,1,0,0
55419,1,0,0
55420,1,0,0
55421,1,0,0
55422,1,0,0
55423,1,0,0
55424,1,0,0
55425,1,0,0
55426,1,0,0
55427,1,0,0
55428,1,0,0
55429,1,0,0
55430,1,0,0
55431,1,0,0
55432,1,0,0
55433,1,0,0
55434,1,0,0
55435,1,0,0
55436,1,0,0
55437,1,0,0
55438,1,0,0
55439,1,0,0
55440,1,0,0
55441,1,0,0
55442,1,0,0
55443,1,0,0
55444,1,0,0
55445,1,0,0
55446,1,0,0
55447,1,0,0
55448,1,0,0
55449,1,0,0
55450,1,0,0
55451,1,0,0
55452,1,0,0
55453,1,0,0
55454,1,0,0
55455,1,0,0
55456,1,0,0
55457,1,0,0
55458,1,0,0
55459,1,0,0
55460,1,0,0
55461,1,0,0
55462,1,0,0
55463,1,0,0
55464,1,0,0
55465,1,0,0
55466,1,0,0
55467,1,0,0
55468,1,0,0
55469,1,0,0
55470,1,0,0
55471,1,0,0
55472,1,0,0
55473,1,0,0
55474,1,0,0
55475,1,0,0
55476,1,0,0
55477,1,0,0
55478,1,0,0
55479,1,0,0
55480,1,0,0
55481,1,0,0
55482,1,0,0
55483,1,0,0
55484,1,0,0
55485,1,0,0
55486,1,0,0
55487,1,0,0
55488,1,0,0
55489,1,0,0
55490,1,0,0
55491,1,0,0
55492,1,0,0
55493,1,0,0
55494,1,0,0
55495,1,0,0
55496,1,0,0
55497,1,0,0
55498,1,0,0
55499,1,0,0
55500,1,0,0
55501,1,0,0
55502,1,0,0
55503,1,0,0
55504,1,0,0
55505,1,0,0
55506,1,0,0
55507,1,0,0
55508,1,0,0
55509,1,0,0
55510,1,0,0
55511,1,0,0
55512,1,0,0
55513,1,0,0
55514,1,0,0
55515,1,0,0
55516,1,0,0
55517,1,0,0
55518,1,0,0
55519,1,0,0
55520,1,0,0
55521,1,0,0
55522,1,0,0
55523,1,0,0
55524,1,0,0
55525,1,0,0
55526,1,0,0
55527,1,0,0
55528,1,0,0
55529,1,0,0
55530,1,0,0
55531,1,0,0
55532,1,0,0
55533,1,0,0
55534,1,0,0
55535,1,0,0
55536,1,0,0
55537,1,0,0
55538,1,0,0
55539,1,0,0
55540,1,0,0
55541,1,0,0
55542,1,0,0
55543,1,0,0
55544,1,0,0
55545,1,0,0
55546,1,0,0
55547,1,0,0
55548,1,0,0
55549,1,0,0
55550,1,0,0
55551,1,0,0
55552,1,0,0
55553,1,0,0
55554,1,0,0
55555,1,0,0
55556,1,0,0
55557,1,0,0
55558,1,0,0
55559,1,0,0
55560,1,0,0
55561,1,0,0
55562,1,0,0
55563,1,0,0
55564,1,0,0
55565,1,0,0
55566,1,0,0
55567,1,0,0
55568,1,0,0
55569,1,0,0
55570,1,0,0
55571,1,0,0
55572,1,0,0
55573,1,0,0
55574,1,0,0
55575,1,0,0
55576,1,0,0
55577,1,0,0
55578,1,0,0
55579,1,0,0
55580,1,0,0
55581,1,0,0
55582,1,0,0
55583,1,0,0
55584,1,0,0
55585,1,0,0
55586,1,0,0
55587,1,0,0
55588,1,0,0
55589,1,0,0
55590,1,0,0
55591,1,0,0
55592,1,0,0
55593,1,0,0
55594,1,0,0
55595,1,0,0
55596,1,0,0
55597,1,0,0
55598,1,0,0
55599,1,0,0
55600,1,0,0
55601,1,0,0
55602,1,0,0
55603,1,0,0
55604,1,0,0
55605,1,0,0
55606,1,0,0
55607,1,0,0
55608,1,0,0
55609,1,0,0
55610,1,0,0
55611,1,0,0
55612,1,0,0
55613,1,0,0
55614,1,0,0
55615,1,0,0
55616,1,0,0
55617,1,0,0
55618,1,0,0
55619,1,0,0
55620,1,0,0
55621,1,0,0
55622,1,0,0
55623,1,0,0
55624,1,0,0
55625,1,0,0
55626,1,0,0
55627,1,0,0
55628,1,0,0
55629,1,0,0
55630,1,0,0
55631,1,0,0
55632,1,0,0
55633,1,0,0
55634,1,0,0
55635,1,0,0
55636,1,0,0
55637,1,0,0
55638,1,0,0
55639,1,0,0
55640,1,0,0
55641,1,0,0
55642,1,0,0
55643,1,0,0
55644,1,0,0
55645,1,0,0
55646,1,0,0
55647,1,0,0
55648,1,0,0
55649,1,0,0
55650,1,0,0
55651,1,0,0
55652,1,0,0
55653,1,0,0
55654,1,0,0
55655,1,0,0
55656,1,0,0
55657,1,0,0
55658,1,0,0
55659,1,0,0
55660,1,0,0
55661,1,0,0
55662,1,0,0
55663,1,0,0
55664,1,0,0
55665,1,0,0
55666,1,0,0
55667,1,0,0
55668,1,0,0
55669,1,0,0
55670,1,0,0
55671,1,0,0
55672,1,0,0
55673,1,0,0
55674,1,0,0
55675,1,0,0
55676,1,0,0
55677,1,0,0
55678,1,0,0
55679,1,0,0
55680,1,0,0
55681,1,0,0
55682,1,0,0
55683,1,0,0
55684,1,0,0
55685,1,0,0
55686,1,0,0
55687,1,0,0
55688,1,0,0
55689,1,0,0
55690,1,0,0
55691,1,0,0
55692,1,0,0
55693,1,0,0
55694,1,0,0
55695,1,0,0
55696,1,0,0
55697,1,0,0
55698,1,0,0
55699,1,0,0
55700,1,0,0
55701,1,0,0
55702,1,0,0
55703,1,0,0
55704,1,0,0
55705,1,0,0
55706,1,0,0
55707,1,0,0
55708,1,0,0
55709,1,0,0
55710,1,0,0
55711,1,0,0
55712,1,0,0
55713,1,0,0
55714,1,0,0
55715,1,0,0
55716,1,0,0
55717,1,0,0
55718,1,0,0
55719,1,0,0
55720,1,0,0
55721,1,0,0
55722,1,0,0
55723,1,0,0
55724,1,0,0
55725,1,0,0
55726,1,0,0
55727,1,0,0
55728,1,0,0
55729,1,0,0
55730,1,0,0
55731,1,0,0
55732,1,0,0
55733,1,0,0
55734,1,0,0
55735,1,0,0
55736,1,0,0
55737,1,0,0
55738,1,0,0
55739,1,0,0
55740,1,0,0
55741,1,0,0
55742,1,0,0
55743,1,0,0
55744,1,0,0
55745,1,0,0
55746,1,0,0
55747,1,0,0
55748,1,0,0
55749,1,0,0
55750,1,0,0
55751,1,0,0
55752,1,0,0
55753,1,0,0
55754,1,0,0
55755,1,0,0
55756,1,0,0
55757,1,0,0
55758,1,0,0
55759,1,0,0
55760,1,0,0
55761,1,0,0
55762,1,0,0
55763,1,0,0
55764,1,0,0
55765,1,0,0
55766,1,0,0
55767,1,0,0
55768,1,0,0
55769,1,0,0
55770,1,0,0
55771,1,0,0
55772,1,0,0
55773,1,0,0
55774,1,0,0
55775,1,0,0
55776,1,0,0
55777,1,0,0
55778,1,0,0
55779,1,0,0
55780,1,0,0
55781,1,0,0
55782,1,0,0
55783,1,0,0
55784,1,0,0
55785,1,0,0
55786,1,0,0
55787,1,0,0
55788,1,0,0
55789,1,0,0
55790,1,0,0
55791,1,0,0
55792,1,0,0
55793,1,0,0
55794,1,0,0
55795,1,0,0
55796,1,0,0
55797,1,0,0
55798,1,0,0
55799,1,0,0
55800,1,0,0
55801,1,0,0
55802,1,0,0
55803,1,0,0
55804,1,0,0
55805,1,0,0
55806,1,0,0
55807,1,0,0
55808,1,0,0
55809,1,0,0
55810,1,0,0
55811,1,0,0
55812,1,0,0
55813,1,0,0
55814,1,0,0
55815,1,0,0
55816,1,0,0
55817,1,0,0
55818,1,0,0
55819,1,0,0
55820,1,0,0
55821,1,0,0
55822,1,0,0
55823,1,0,0
55824,1,0,0
55825,1,0,0
55826,1,0,0
55827,1,0,0
55828,1,0,0
55829,1,0,0
55830,1,0,0
55831,1,0,0
55832,1,0,0
55833,1,0,0
55834,1,0,0
55835,1,0,0
55836,1,0,0
55837,1,0,0
55838,1,0,0
55839,1,0,0
55840,1,0,0
55841,1,0,0
55842,1,0,0
55843,1,0,0
55844,1,0,0
55845,1,0,0
55846,1,0,0
55847,1,0,0
55848,1,0,0
55849,1,0,0
55850,1,0,0
55851,1,0,0
55852,1,0,0
55853,1,0,0
55854,1,0,0
55855,1,0,0
55856,1,0,0
55857,1,0,0
55858,1,0,0
55859,1,0,0
55860,1,0,0
55861,1,0,0
55862,1,0,0
55863,1,0,0
55864,1,0,0
55865,1,0,0
55866,1,0,0
55867,1,0,0
55868,1,0,0
55869,1,0,0
55870,1,0,0
55871,1,0,0
55872,1,0,0
55873,1,0,0
55874,1,0,0
55875,1,0,0
55876,1,0,0
55877,1,0,0
55878,1,0,0
55879,1,0,0
55880,1,0,0
55881,1,0,0
55882,1,0,0
55883,1,0,0
55884,1,0,0
55885,1,0,0
55886,1,0,0
55887,1,0,0
55888,1,0,0
55889,1,0,0
55890,1,0,0
55891,1,0,0
55892,1,0,0
55893,1,0,0
55894,1,0,0
55895,1,0,0
55896,1,0,0
55897,1,0,0
55898,1,0,0
55899,1,0,0
55900,1,0,0
55901,1,0,0
55902,1,0,0
55903,1,0,0
55904,1,0,0
55905,1,0,0
55906,1,0,0
55907,1,0,0
55908,1,0,0
55909,1,0,0
55910,1,0,0
55911,1,0,0
55912,1,0,0
55913,1,0,0
55914,1,0,0
55915,1,0,0
55916,1,0,0
55917,1,0,0
55918,1,0,0
55919,1,0,0
55920,1,0,0
55921,1,0,0
55922,1,0,0
55923,1,0,0
55924,1,0,0
55925,1,0,0
55926,1,0,0
55927,1,0,0
55928,1,0,0
55929,1,0,0
55930,1,0,0
55931,1,0,0
55932,1,0,0
55933,1,0,0
55934,1,0,0
55935,1,0,0
55936,1,0,0
55937,1,0,0
55938,1,0,0
55939,1,0,0
55940,1,0,0
55941,1,0,0
55942,1,0,0
55943,1,0,0
55944,1,0,0
55945,1,0,0
55946,1,0,0
55947,1,0,0
55948,1,0,0
55949,1,0,0
55950,1,0,0
55951,1,0,0
55952,1,0,0
55953,1,0,0
55954,1,0,0
55955,1,0,0
55956,1,0,0
55957,1,0,0
55958,1,0,0
55959,1,0,0
55960,1,0,0
55961,1,0,0
55962,1,0,0
55963,1,0,0
55964,1,0,0
55965,1,0,0
55966,1,0,0
55967,1,0,0
55968,1,0,0
55969,1,0,0
55970,1,0,0
55971,1,0,0
55972,1,0,0
55973,1,0,0
55974,1,0,0
55975,1,0,0
55976,1,0,0
55977,1,0,0
55978,1,0,0
55979,1,0,0
55980,1,0,0
55981,1,0,0
55982,1,0,0
55983,1,0,0
55984,1,0,0
55985,1,0,0
55986,1,0,0
55987,1,0,0
55988,1,0,0
55989,1,0,0
55990,1,0,0
55991,1,0,0
55992,1,0,0
55993,1,0,0
55994,1,0,0
55995,1,0,0
55996,1,0,0
55997,1,0,0
55998,1,0,0
55999,1,0,0
56000,1,0,0
56001,1,0,0
56002,1,0,0
56003,1,0,0
56004,1,0,0
56005,1,0,0
56006,1,0,0
56007,1,0,0
56008,1,0,0
56009,1,0,0
56010,1,0,0
56011,1,0,0
56012,1,0,0
56013,1,0,0
56014,1,0,0
56015,1,0,0
56016,1,0,0
56017,1,0,0
56018,1,0,0
56019,1,0,0
56020,1,0,0
56021,1,0,0
56022,1,0,0
56023,1,0,0
56024,1,0,0
56025,1,0,0
56026,1,0,0
56027,1,0,0
56028,1,0,0
56029,1,0,0
56030,1,0,0
56031,1,0,0
56032,1,0,0
56033,1,0,0
56034,1,0,0
56035,1,0,0
56036,1,0,0
56037,1,0,0
56038,1,0,0
56039,1,0,0
56040,1,0,0
56041,1,0,0
56042,1,0,0
56043,1,0,0
56044,1,0,0
56045,1,0,0
56046,1,0,0
56047,1,0,0
56048,1,0,0
56049,1,0,0
56050,1,0,0
56051,1,0,0
56052,1,0,0
56053,1,0,0
56054,1,0,0
56055,1,0,0
56056,1,0,0
56057,1,0,0
56058,1,0,0
56059,1,0,0
56060,1,0,0
56061,1,0,0
56062,1,0,0
56063,1,0,0
56064,1,0,0
56065,1,0,0
56066,1,0,0
56067,1,0,0
56068,1,0,0
56069,1,0,0
56070,1,0,0
56071,1,0,0
56072,1,0,0
56073,1,0,0
56074,1,0,0
56075,1,0,0
56076,1,0,0
56077,1,0,0
56078,1,0,0
56079,1,0,0
56080,1,0,0
56081,1,0,0
56082,1,0,0
56083,1,0,0
56084,1,0,0
56085,1,0,0
56086,1,0,0
56087,1,0,0
56088,1,0,0
56089,1,0,0
56090,1,0,0
56091,1,0,0
56092,1,0,0
56093,1,0,0
56094,1,0,0
56095,1,0,0
56096,1,0,0
56097,1,0,0
56098,1,0,0
56099,1,0,0
56100,1,0,0
56101,1,0,0
56102,1,0,0
56103,1,0,0
56104,1,0,0
56105,1,0,0
56106,1,0,0
56107,1,0,0
56108,1,0,0
56109,1,0,0
56110,1,0,0
56111,1,0,0
56112,1,0,0
56113,1,0,0
56114,1,0,0
56115,1,0,0
56116,1,0,0
56117,1,0,0
56118,1,0,0
56119,1,0,0
56120,1,0,0
56121,1,0,0
56122,1,0,0
56123,1,0,0
56124,1,0,0
56125,1,0,0
56126,1,0,0
56127,1,0,0
56128,1,0,0
56129,1,0,0
56130,1,0,0
56131,1,0,0
56132,1,0,0
56133,1,0,0
56134,1,0,0
56135,1,0,0
56136,1,0,0
56137,1,0,0
56138,1,0,0
56139,1,0,0
56140,1,0,0
56141,1,0,0
56142,1,0,0
56143,1,0,0
56144,1,0,0
56145,1,0,0
56146,1,0,0
56147,1,0,0
56148,1,0,0
56149,1,0,0
56150,1,0,0
56151,1,0,0
56152,1,0,0
56153,1,0,0
56154,1,0,0
56155,1,0,0
56156,1,0,0
56157,1,0,0
56158,1,0,0
56159,1,0,0
56160,1,0,0
56161,1,0,0
56162,1,0,0
56163,1,0,0
56164,1,0,0
56165,1,0,0
56166,1,0,0
56167,1,0,0
56168,1,0,0
56169,1,0,0
56170,1,0,0
56171,1,0,0
56172,1,0,0
56173,1,0,0
56174,1,0,0
56175,1,0,0
56176,1,0,0
56177,1,0,0
56178,1,0,0
56179,1,0,0
56180,1,0,0
56181,1,0,0
56182,1,0,0
56183,1,0,0
56184,1,0,0
56185,1,0,0
56186,1,0,0
56187,1,0,0
56188,1,0,0
56189,1,0,0
56190,1,0,0
56191,1,0,0
56192,1,0,0
56193,1,0,0
56194,1,0,0
56195,1,0,0
56196,1,0,0
56197,1,0,0
56198,1,0,0
56199,1,0,0
56200,1,0,0
56201,1,0,0
56202,1,0,0
56203,1,0,0
56204,1,0,0
56205,1,0,0
56206,1,0,0
56207,1,0,0
56208,1,0,0
56209,1,0,0
56210,1,0,0
56211,1,0,0
56212,1,0,0
56213,1,0,0
56214,1,0,0
56215,1,0,0
56216,1,0,0
56217,1,0,0
56218,1,0,0
56219,1,0,0
56220,1,0,0
56221,1,0,0
56222,1,0,0
56223,1,0,0
56224,1,0,0
56225,1,0,0
56226,1,0,0
56227,1,0,0
56228,1,0,0
56229,1,0,0
56230,1,0,0
56231,1,0,0
56232,1,0,0
56233,1,0,0
56234,1,0,0
56235,1,0,0
56236,1,0,0
56237,1,0,0
56238,1,0,0
56239,1,0,0
56240,1,0,0
56241,1,0,0
56242,1,0,0
56243,1,0,0
56244,1,0,0
56245,1,0,0
56246,1,0,0
56247,1,0,0
56248,1,0,0
56249,1,0,0
56250,1,0,0
56251,1,0,0
56252,1,0,0
56253,1,0,0
56254,1,0,0
56255,1,0,0
56256,1,0,0
56257,1,0,0
56258,1,0,0
56259,1,0,0
56260,1,0,0
56261,1,0,0
56262,1,0,0
56263,1,0,0
56264,1,0,0
56265,1,0,0
56266,1,0,0
56267,1,0,0
56268,1,0,0
56269,1,0,0
56270,1,0,0
56271,1,0,0
56272,1,0,0
56273,1,0,0
56274,1,0,0
56275,1,0,0
56276,1,0,0
56277,1,0,0
56278,1,0,0
56279,1,0,0
56280,1,0,0
56281,1,0,0
56282,1,0,0
56283,1,0,0
56284,1,0,0
56285,1,0,0
56286,1,0,0
56287,1,0,0
56288,1,0,0
56289,1,0,0
56290,1,0,0
56291,1,0,0
56292,1,0,0
56293,1,0,0
56294,1,0,0
56295,1,0,0
56296,1,0,0
56297,1,0,0
56298,1,0,0
56299,1,0,0
56300,1,0,0
56301,1,0,0
56302,1,0,0
56303,1,0,0
56304,1,0,0
56305,1,0,0
56306,1,0,0
56307,1,0,0
56308,1,0,0
56309,1,0,0
56310,1,0,0
56311,1,0,0
56312,1,0,0
56313,1,0,0
56314,1,0,0
56315,1,0,0
56316,1,0,0
56317,1,0,0
56318,1,0,0
56319,1,0,0
56320,1,0,0
56321,1,0,0
56322,1,0,0
56323,1,0,0
56324,1,0,0
56325,1,0,0
56326,1,0,0
56327,1,0,0
56328,1,0,0
56329,1,0,0
56330,1,0,0
56331,1,0,0
56332,1,0,0
56333,1,0,0
56334,1,0,0
56335,1,0,0
56336,1,0,0
56337,1,0,0
56338,1,0,0
56339,1,0,0
56340,1,0,0
56341,1,0,0
56342,1,0,0
56343,1,0,0
56344,1,0,0
56345,1,0,0
56346,1,0,0
56347,1,0,0
56348,1,0,0
56349,1,0,0
56350,1,0,0
56351,1,0,0
56352,1,0,0
56353,1,0,0
56354,1,0,0
56355,1,0,0
56356,1,0,0
56357,1,0,0
56358,1,0,0
56359,1,0,0
56360,1,0,0
56361,1,0,0
56362,1,0,0
56363,1,0,0
56364,1,0,0
56365,1,0,0
56366,1,0,0
56367,1,0,0
56368,1,0,0
56369,1,0,0
56370,1,0,0
56371,1,0,0
56372,1,0,0
56373,1,0,0
56374,1,0,0
56375,1,0,0
56376,1,0,0
56377,1,0,0
56378,1,0,0
56379,1,0,0
56380,1,0,0
56381,1,0,0
56382,1,0,0
56383,1,0,0
56384,1,0,0
56385,1,0,0
56386,1,0,0
56387,1,0,0
56388,1,0,0
56389,1,0,0
56390,1,0,0
56391,1,0,0
56392,1,0,0
56393,1,0,0
56394,1,0,0
56395,1,0,0
56396,1,0,0
56397,1,0,0
56398,1,0,0
56399,1,0,0
56400,1,0,0
56401,1,0,0
56402,1,0,0
56403,1,0,0
56404,1,0,0
56405,1,0,0
56406,1,0,0
56407,1,0,0
56408,1,0,0
56409,1,0,0
56410,1,0,0
56411,1,0,0
56412,1,0,0
56413,1,0,0
56414,1,0,0
56415,1,0,0
56416,1,0,0
56417,1,0,0
56418,1,0,0
56419,1,0,0
56420,1,0,0
56421,1,0,0
56422,1,0,0
56423,1,0,0
56424,1,0,0
56425,1,0,0
56426,1,0,0
56427,1,0,0
56428,1,0,0
56429,1,0,0
56430,1,0,0
56431,1,0,0
56432,1,0,0
56433,1,0,0
56434,1,0,0
56435,1,0,0
56436,1,0,0
56437,1,0,0
56438,1,0,0
56439,1,0,0
56440,1,0,0
56441,1,0,0
56442,1,0,0
56443,1,0,0
56444,1,0,0
56445,1,0,0
56446,1,0,0
56447,1,0,0
56448,1,0,0
56449,1,0,0
56450,1,0,0
56451,1,0,0
56452,1,0,0
56453,1,0,0
56454,1,0,0
56455,1,0,0
56456,1,0,0
56457,1,0,0
56458,1,0,0
56459,1,0,0
56460,1,0,0
56461,1,0,0
56462,1,0,0
56463,1,0,0
56464,1,0,0
56465,1,0,0
56466,1,0,0
56467,1,0,0
56468,1,0,0
56469,1,0,0
56470,1,0,0
56471,1,0,0
56472,1,0,0
56473,1,0,0
56474,1,0,0
56475,1,0,0
56476,1,0,0
56477,1,0,0
56478,1,0,0
56479,1,0,0
56480,1,0,0
56481,1,0,0
56482,1,0,0
56483,1,0,0
56484,1,0,0
56485,1,0,0
56486,1,0,0
56487,1,0,0
56488,1,0,0
56489,1,0,0
56490,1,0,0
56491,1,0,0
56492,1,0,0
56493,1,0,0
56494,1,0,0
56495,1,0,0
56496,1,0,0
56497,1,0,0
56498,1,0,0
56499,1,0,0
56500,1,0,0
56501,1,0,0
56502,1,0,0
56503,1,0,0
56504,1,0,0
56505,1,0,0
56506,1,0,0
56507,1,0,0
56508,1,0,0
56509,1,0,0
56510,1,0,0
56511,1,0,0
56512,1,0,0
56513,1,0,0
56514,1,0,0
56515,1,0,0
56516,1,0,0
56517,1,0,0
56518,1,0,0
56519,1,0,0
56520,1,0,0
56521,1,0,0
56522,1,0,0
56523,1,0,0
56524,1,0,0
56525,1,0,0
56526,1,0,0
56527,1,0,0
56528,1,0,0
56529,1,0,0
56530,1,0,0
56531,1,0,0
56532,1,0,0
56533,1,0,0
56534,1,0,0
56535,1,0,0
56536,1,0,0
56537,1,0,0
56538,1,0,0
56539,1,0,0
56540,1,0,0
56541,1,0,0
56542,1,0,0
56543,1,0,0
56544,1,0,0
56545,1,0,0
56546,1,0,0
56547,1,0,0
56548,1,0,0
56549,1,0,0
56550,1,0,0
56551,1,0,0
56552,1,0,0
56553,1,0,0
56554,1,0,0
56555,1,0,0
56556,1,0,0
56557,1,0,0
56558,1,0,0
56559,1,0,0
56560,1,0,0
56561,1,0,0
56562,1,0,0
56563,1,0,0
56564,1,0,0
56565,1,0,0
56566,1,0,0
56567,1,0,0
56568,1,0,0
56569,1,0,0
56570,1,0,0
56571,1,0,0
56572,1,0,0
56573,1,0,0
56574,1,0,0
56575,1,0,0
56576,1,0,0
56577,1,0,0
56578,1,0,0
56579,1,0,0
56580,1,0,0
56581,1,0,0
56582,1,0,0
56583,1,0,0
56584,1,0,0
56585,1,0,0
56586,1,0,0
56587,1,0,0
56588,1,0,0
56589,1,0,0
56590,1,0,0
56591,1,0,0
56592,1,0,0
56593,1,0,0
56594,1,0,0
56595,1,0,0
56596,1,0,0
56597,1,0,0
56598,1,0,0
56599,1,0,0
56600,1,0,0
56601,1,0,0
56602,1,0,0
56603,1,0,0
56604,1,0,0
56605,1,0,0
56606,1,0,0
56607,1,0,0
56608,1,0,0
56609,1,0,0
56610,1,0,0
56611,1,0,0
56612,1,0,0
56613,1,0,0
56614,1,0,0
56615,1,0,0
56616,1,0,0
56617,1,0,0
56618,1,0,0
56619,1,0,0
56620,1,0,0
56621,1,0,0
56622,1,0,0
56623,1,0,0
56624,1,0,0
56625,1,0,0
56626,1,0,0
56627,1,0,0
56628,1,0,0
56629,1,0,0
56630,1,0,0
56631,1,0,0
56632,1,0,0
56633,1,0,0
56634,1,0,0
56635,1,0,0
56636,1,0,0
56637,1,0,0
56638,1,0,0
56639,1,0,0
56640,1,0,0
56641,1,0,0
56642,1,0,0
56643,1,0,0
56644,1,0,0
56645,1,0,0
56646,1,0,0
56647,1,0,0
56648,1,0,0
56649,1,0,0
56650,1,0,0
56651,1,0,0
56652,1,0,0
56653,1,0,0
56654,1,0,0
56655,1,0,0
56656,1,0,0
56657,1,0,0
56658,1,0,0
56659,1,0,0
56660,1,0,0
56661,1,0,0
56662,1,0,0
56663,1,0,0
56664,1,0,0
56665,1,0,0
56666,1,0,0
56667,1,0,0
56668,1,0,0
56669,1,0,0
56670,1,0,0
56671,1,0,0
56672,1,0,0
56673,1,0,0
56674,1,0,0
56675,1,0,0
56676,1,0,0
56677,1,0,0
56678,1,0,0
56679,1,0,0
56680,1,0,0
56681,1,0,0
56682,1,0,0
56683,1,0,0
56684,1,0,0
56685,1,0,0
56686,1,0,0
56687,1,0,0
56688,1,0,0
56689,1,0,0
56690,1,0,0
56691,1,0,0
56692,1,0,0
56693,1,0,0
56694,1,0,0
56695,1,0,0
56696,1,0,0
56697,1,0,0
56698,1,0,0
56699,1,0,0
56700,1,0,0
56701,1,0,0
56702,1,0,0
56703,1,0,0
56704,1,0,0
56705,1,0,0
56706,1,0,0
56707,1,0,0
56708,1,0,0
56709,1,0,0
56710,1,0,0
56711,1,0,0
56712,1,0,0
56713,1,0,0
56714,1,0,0
56715,1,0,0
56716,1,0,0
56717,1,0,0
56718,1,0,0
56719,1,0,0
56720,1,0,0
56721,1,0,0
56722,1,0,0
56723,1,0,0
56724,1,0,0
56725,1,0,0
56726,1,0,0
56727,1,0,0
56728,1,0,0
56729,1,0,0
56730,1,0,0
56731,1,0,0
56732,1,0,0
56733,1,0,0
56734,1,0,0
56735,1,0,0
56736,1,0,0
56737,1,0,0
56738,1,0,0
56739,1,0,0
56740,1,0,0
56741,1,0,0
56742,1,0,0
56743,1,0,0
56744,1,0,0
56745,1,0,0
56746,1,0,0
56747,1,0,0
56748,1,0,0
56749,1,0,0
56750,1,0,0
56751,1,0,0
56752,1,0,0
56753,1,0,0
56754,1,0,0
56755,1,0,0
56756,1,0,0
56757,1,0,0
56758,1,0,0
56759,1,0,0
56760,1,0,0
56761,1,0,0
56762,1,0,0
56763,1,0,0
56764,1,0,0
56765,1,0,0
56766,1,0,0
56767,1,0,0
56768,1,0,0
56769,1,0,0
56770,1,0,0
56771,1,0,0
56772,1,0,0
56773,1,0,0
56774,1,0,0
56775,1,0,0
56776,1,0,0
56777,1,0,0
56778,1,0,0
56779,1,0,0
56780,1,0,0
56781,1,0,0
56782,1,0,0
56783,1,0,0
56784,1,0,0
56785,1,0,0
56786,1,0,0
56787,1,0,0
56788,1,0,0
56789,1,0,0
56790,1,0,0
56791,1,0,0
56792,1,0,0
56793,1,0,0
56794,1,0,0
56795,1,0,0
56796,1,0,0
56797,1,0,0
56798,1,0,0
56799,1,0,0
56800,1,0,0
56801,1,0,0
56802,1,0,0
56803,1,0,0
56804,1,0,0
56805,1,0,0
56806,1,0,0
56807,1,0,0
56808,1,0,0
56809,1,0,0
56810,1,0,0
56811,1,0,0
56812,1,0,0
56813,1,0,0
56814,1,0,0
56815,1,0,0
56816,1,0,0
56817,1,0,0
56818,1,0,0
56819,1,0,0
56820,1,0,0
56821,1,0,0
56822,1,0,0
56823,1,0,0
56824,1,0,0
56825,1,0,0
56826,1,0,0
56827,1,0,0
56828,1,0,0
56829,1,0,0
56830,1,0,0
56831,1,0,0
56832,1,0,0
56833,1,0,0
56834,1,0,0
56835,1,0,0
56836,1,0,0
56837,1,0,0
56838,1,0,0
56839,1,0,0
56840,1,0,0
56841,1,0,0
56842,1,0,0
56843,1,0,0
56844,1,0,0
56845,1,0,0
56846,1,0,0
56847,1,0,0
56848,1,0,0
56849,1,0,0
56850,1,0,0
56851,1,0,0
56852,1,0,0
56853,1,0,0
56854,1,0,0
56855,1,0,0
56856,1,0,0
56857,1,0,0
56858,1,0,0
56859,1,0,0
56860,1,0,0
56861,1,0,0
56862,1,0,0
56863,1,0,0
56864,1,0,0
56865,1,0,0
56866,1,0,0
56867,1,0,0
56868,1,0,0
56869,1,0,0
56870,1,0,0
56871,1,0,0
56872,1,0,0
56873,1,0,0
56874,1,0,0
56875,1,0,0
56876,1,0,0
56877,1,0,0
56878,1,0,0
56879,1,0,0
56880,1,0,0
56881,1,0,0
56882,1,0,0
56883,1,0,0
56884,1,0,0
56885,1,0,0
56886,1,0,0
56887,1,0,0
56888,1,0,0
56889,1,0,0
56890,1,0,0
56891,1,0,0
56892,1,0,0
56893,1,0,0
56894,1,0,0
56895,1,0,0
56896,1,0,0
56897,1,0,0
56898,1,0,0
56899,1,0,0
56900,1,0,0
56901,1,0,0
56902,1,0,0
56903,1,0,0
56904,1,0,0
56905,1,0,0
56906,1,0,0
56907,1,0,0
56908,1,0,0
56909,1,0,0
56910,1,0,0
56911,1,0,0
56912,1,0,0
56913,1,0,0
56914,1,0,0
56915,1,0,0
56916,1,0,0
56917,1,0,0
56918,1,0,0
56919,1,0,0
56920,1,0,0
56921,1,0,0
56922,1,0,0
56923,1,0,0
56924,1,0,0
56925,1,0,0
56926,1,0,0
56927,1,0,0
56928,1,0,0
56929,1,0,0
56930,1,0,0
56931,1,0,0
56932,1,0,0
56933,1,0,0
56934,1,0,0
56935,1,0,0
56936,1,0,0
56937,1,0,0
56938,1,0,0
56939,1,0,0
56940,1,0,0
56941,1,0,0
56942,1,0,0
56943,1,0,0
56944,1,0,0
56945,1,0,0
56946,1,0,0
56947,1,0,0
56948,1,0,0
56949,1,0,0
56950,1,0,0
56951,1,0,0
56952,1,0,0
56953,1,0,0
56954,1,0,0
56955,1,0,0
56956,1,0,0
56957,1,0,0
56958,1,0,0
56959,1,0,0
56960,1,0,0
56961,1,0,0
56962,1,0,0
56963,1,0,0
56964,1,0,0
56965,1,0,0
56966,1,0,0
56967,1,0,0
56968,1,0,0
56969,1,0,0
56970,1,0,0
56971,1,0,0
56972,1,0,0
56973,1,0,0
56974,1,0,0
56975,1,0,0
56976,1,0,0
56977,1,0,0
56978,1,0,0
56979,1,0,0
56980,1,0,0
56981,1,0,0
56982,1,0,0
56983,1,0,0
56984,1,0,0
56985,1,0,0
56986,1,0,0
56987,1,0,0
56988,1,0,0
56989,1,0,0
56990,1,0,0
56991,1,0,0
56992,1,0,0
56993,1,0,0
56994,1,0,0
56995,1,0,0
56996,1,0,0
56997,1,0,0
56998,1,0,0
56999,1,0,0
57000,1,0,0
57001,1,0,0
57002,1,0,0
57003,1,0,0
57004,1,0,0
57005,1,0,0
57006,1,0,0
57007,1,0,0
57008,1,0,0
57009,1,0,0
57010,1,0,0
57011,1,0,0
57012,1,0,0
57013,1,0,0
57014,1,0,0
57015,1,0,0
57016,1,0,0
57017,1,0,0
57018,1,0,0
57019,1,0,0
57020,1,0,0
57021,1,0,0
57022,1,0,0
57023,1,0,0
57024,1,0,0
57025,1,0,0
57026,1,0,0
57027,1,0,0
57028,1,0,0
57029,1,0,0
57030,1,0,0
57031,1,0,0
57032,1,0,0
57033,1,0,0
57034,1,0,0
57035,1,0,0
57036,1,0,0
57037,1,0,0
57038,1,0,0
57039,1,0,0
57040,1,0,0
57041,1,0,0
57042,1,0,0
57043,1,0,0
57044,1,0,0
57045,1,0,0
57046,1,0,0
57047,1,0,0
57048,1,0,0
57049,1,0,0
57050,1,0,0
57051,1,0,0
57052,1,0,0
57053,1,0,0
57054,1,0,0
57055,1,0,0
57056,1,0,0
57057,1,0,0
57058,1,0,0
57059,1,0,0
57060,1,0,0
57061,1,0,0
57062,1,0,0
57063,1,0,0
57064,1,0,0
57065,1,0,0
57066,1,0,0
57067,1,0,0
57068,1,0,0
57069,1,0,0
57070,1,0,0
57071,1,0,0
57072,1,0,0
57073,1,0,0
57074,1,0,0
57075,1,0,0
57076,1,0,0
57077,1,0,0
57078,1,0,0
57079,1,0,0
57080,1,0,0
57081,1,0,0
57082,1,0,0
57083,1,0,0
57084,1,0,0
57085,1,0,0
57086,1,0,0
57087,1,0,0
57088,1,0,0
57089,1,0,0
57090,1,0,0
57091,1,0,0
57092,1,0,0
57093,1,0,0
57094,1,0,0
57095,1,0,0
57096,1,0,0
57097,1,0,0
57098,1,0,0
57099,1,0,0
57100,1,0,0
57101,1,0,0
57102,1,0,0
57103,1,0,0
57104,1,0,0
57105,1,0,0
57106,1,0,0
57107,1,0,0
57108,1,0,0
57109,1,0,0
57110,1,0,0
57111,1,0,0
57112,1,0,0
57113,1,0,0
57114,1,0,0
57115,1,0,0
57116,1,0,0
57117,1,0,0
57118,1,0,0
57119,1,0,0
57120,1,0,0
57121,1,0,0
57122,1,0,0
57123,1,0,0
57124,1,0,0
57125,1,0,0
57126,1,0,0
57127,1,0,0
57128,1,0,0
57129,1,0,0
57130,1,0,0
57131,1,0,0
57132,1,0,0
57133,1,0,0
57134,1,0,0
57135,1,0,0
57136,1,0,0
57137,1,0,0
57138,1,0,0
57139,1,0,0
57140,1,0,0
57141,1,0,0
57142,1,0,0
57143,1,0,0
57144,1,0,0
57145,1,0,0
57146,1,0,0
57147,1,0,0
57148,1,0,0
57149,1,0,0
57150,1,0,0
57151,1,0,0
57152,1,0,0
57153,1,0,0
57154,1,0,0
57155,1,0,0
57156,1,0,0
57157,1,0,0
57158,1,0,0
57159,1,0,0
57160,1,0,0
57161,1,0,0
57162,1,0,0
57163,1,0,0
57164,1,0,0
57165,1,0,0
57166,1,0,0
57167,1,0,0
57168,1,0,0
57169,1,0,0
57170,1,0,0
57171,1,0,0
57172,1,0,0
57173,1,0,0
57174,1,0,0
57175,1,0,0
57176,1,0,0
57177,1,0,0
57178,1,0,0
57179,1,0,0
57180,1,0,0
57181,1,0,0
57182,1,0,0
57183,1,0,0
57184,1,0,0
57185,1,0,0
57186,1,0,0
57187,1,0,0
57188,1,0,0
57189,1,0,0
57190,1,0,0
57191,1,0,0
57192,1,0,0
57193,1,0,0
57194,1,0,0
57195,1,0,0
57196,1,0,0
57197,1,0,0
57198,1,0,0
57199,1,0,0
57200,1,0,0
57201,1,0,0
57202,1,0,0
57203,1,0,0
57204,1,0,0
57205,1,0,0
57206,1,0,0
57207,1,0,0
57208,1,0,0
57209,1,0,0
57210,1,0,0
57211,1,0,0
57212,1,0,0
57213,1,0,0
57214,1,0,0
57215,1,0,0
57216,1,0,0
57217,1,0,0
57218,1,0,0
57219,1,0,0
57220,1,0,0
57221,1,0,0
57222,1,0,0
57223,1,0,0
57224,1,0,0
57225,1,0,0
57226,1,0,0
57227,1,0,0
57228,1,0,0
57229,1,0,0
57230,1,0,0
57231,1,0,0
57232,1,0,0
57233,1,0,0
57234,1,0,0
57235,1,0,0
57236,1,0,0
57237,1,0,0
57238,1,0,0
57239,1,0,0
57240,1,0,0
57241,1,0,0
57242,1,0,0
57243,1,0,0
57244,1,0,0
57245,1,0,0
57246,1,0,0
57247,1,0,0
57248,1,0,0
57249,1,0,0
57250,1,0,0
57251,1,0,0
57252,1,0,0
57253,1,0,0
57254,1,0,0
57255,1,0,0
57256,1,0,0
57257,1,0,0
57258,1,0,0
57259,1,0,0
57260,1,0,0
57261,1,0,0
57262,1,0,0
57263,1,0,0
57264,1,0,0
57265,1,0,0
57266,1,0,0
57267,1,0,0
57268,1,0,0
57269,1,0,0
57270,1,0,0
57271,1,0,0
57272,1,0,0
57273,1,0,0
57274,1,0,0
57275,1,0,0
57276,1,0,0
57277,1,0,0
57278,1,0,0
57279,1,0,0
57280,1,0,0
57281,1,0,0
57282,1,0,0
57283,1,0,0
57284,1,0,0
57285,1,0,0
57286,1,0,0
57287,1,0,0
57288,1,0,0
57289,1,0,0
57290,1,0,0
57291,1,0,0
57292,1,0,0
57293,1,0,0
57294,1,0,0
57295,1,0,0
57296,1,0,0
57297,1,0,0
57298,1,0,0
57299,1,0,0
57300,1,0,0
57301,1,0,0
57302,1,0,0
57303,1,0,0
57304,1,0,0
57305,1,0,0
57306,1,0,0
57307,1,0,0
57308,1,0,0
57309,1,0,0
57310,1,0,0
57311,1,0,0
57312,1,0,0
57313,1,0,0
57314,1,0,0
57315,1,0,0
57316,1,0,0
57317,1,0,0
57318,1,0,0
57319,1,0,0
57320,1,0,0
57321,1,0,0
57322,1,0,0
57323,1,0,0
57324,1,0,0
57325,1,0,0
57326,1,0,0
57327,1,0,0
57328,1,0,0
57329,1,0,0
57330,1,0,0
57331,1,0,0
57332,1,0,0
57333,1,0,0
57334,1,0,0
57335,1,0,0
57336,1,0,0
57337,1,0,0
57338,1,0,0
57339,1,0,0
57340,1,0,0
57341,1,0,0
57342,1,0,0
57343,1,0,0
57344,1,0,0
57345,1,0,0
57346,1,0,0
57347,1,0,0
57348,1,0,0
57349,1,0,0
57350,1,0,0
57351,1,0,0
57352,1,0,0
57353,1,0,0
57354,1,0,0
57355,1,0,0
57356,1,0,0
57357,1,0,0
57358,1,0,0
57359,1,0,0
57360,1,0,0
57361,1,0,0
57362,1,0,0
57363,1,0,0
57364,1,0,0
57365,1,0,0
57366,1,0,0
57367,1,0,0
57368,1,0,0
57369,1,0,0
57370,1,0,0
57371,1,0,0
57372,1,0,0
57373,1,0,0
57374,1,0,0
57375,1,0,0
57376,1,0,0
57377,1,0,0
57378,1,0,0
57379,1,0,0
57380,1,0,0
57381,1,0,0
57382,1,0,0
57383,1,0,0
57384,1,0,0
57385,1,0,0
57386,1,0,0
57387,1,0,0
57388,1,0,0
57389,1,0,0
57390,1,0,0
57391,1,0,0
57392,1,0,0
57393,1,0,0
57394,1,0,0
57395,1,0,0
57396,1,0,0
57397,1,0,0
57398,1,0,0
57399,1,0,0
57400,1,0,0
57401,1,0,0
57402,1,0,0
57403,1,0,0
57404,1,0,0
57405,1,0,0
57406,1,0,0
57407,1,0,0
57408,1,0,0
57409,1,0,0
57410,1,0,0
57411,1,0,0
57412,1,0,0
57413,1,0,0
57414,1,0,0
57415,1,0,0
57416,1,0,0
57417,1,0,0
57418,1,0,0
57419,1,0,0
57420,1,0,0
57421,1,0,0
57422,1,0,0
57423,1,0,0
57424,1,0,0
57425,1,0,0
57426,1,0,0
57427,1,0,0
57428,1,0,0
57429,1,0,0
57430,1,0,0
57431,1,0,0
57432,1,0,0
57433,1,0,0
57434,1,0,0
57435,1,0,0
57436,1,0,0
57437,1,0,0
57438,1,0,0
57439,1,0,0
57440,1,0,0
57441,1,0,0
57442,1,0,0
57443,1,0,0
57444,1,0,0
57445,1,0,0
57446,1,0,0
57447,1,0,0
57448,1,0,0
57449,1,0,0
57450,1,0,0
57451,1,0,0
57452,1,0,0
57453,1,0,0
57454,1,0,0
57455,1,0,0
57456,1,0,0
57457,1,0,0
57458,1,0,0
57459,1,0,0
57460,1,0,0
57461,1,0,0
57462,1,0,0
57463,1,0,0
57464,1,0,0
57465,1,0,0
57466,1,0,0
57467,1,0,0
57468,1,0,0
57469,1,0,0
57470,1,0,0
57471,1,0,0
57472,1,0,0
57473,1,0,0
57474,1,0,0
57475,1,0,0
57476,1,0,0
57477,1,0,0
57478,1,0,0
57479,1,0,0
57480,1,0,0
57481,1,0,0
57482,1,0,0
57483,1,0,0
57484,1,0,0
57485,1,0,0
57486,1,0,0
57487,1,0,0
57488,1,0,0
57489,1,0,0
57490,1,0,0
57491,1,0,0
57492,1,0,0
57493,1,0,0
57494,1,0,0
57495,1,0,0
57496,1,0,0
57497,1,0,0
57498,1,0,0
57499,1,0,0
57500,1,0,0
57501,1,0,0
57502,1,0,0
57503,1,0,0
57504,1,0,0
57505,1,0,0
57506,1,0,0
57507,1,0,0
57508,1,0,0
57509,1,0,0
57510,1,0,0
57511,1,0,0
57512,1,0,0
57513,1,0,0
57514,1,0,0
57515,1,0,0
57516,1,0,0
57517,1,0,0
57518,1,0,0
57519,1,0,0
57520,1,0,0
57521,1,0,0
57522,1,0,0
57523,1,0,0
57524,1,0,0
57525,1,0,0
57526,1,0,0
57527,1,0,0
57528,1,0,0
57529,1,0,0
57530,1,0,0
57531,1,0,0
57532,1,0,0
57533,1,0,0
57534,1,0,0
57535,1,0,0
57536,1,0,0
57537,1,0,0
57538,1,0,0
57539,1,0,0
57540,1,0,0
57541,1,0,0
57542,1,0,0
57543,1,0,0
57544,1,0,0
57545,1,0,0
57546,1,0,0
57547,1,0,0
57548,1,0,0
57549,1,0,0
57550,1,0,0
57551,1,0,0
57552,1,0,0
57553,1,0,0
57554,1,0,0
57555,1,0,0
57556,1,0,0
57557,1,0,0
57558,1,0,0
57559,1,0,0
57560,1,0,0
57561,1,0,0
57562,1,0,0
57563,1,0,0
57564,1,0,0
57565,1,0,0
57566,1,0,0
57567,1,0,0
57568,1,0,0
57569,1,0,0
57570,1,0,0
57571,1,0,0
57572,1,0,0
57573,1,0,0
57574,1,0,0
57575,1,0,0
57576,1,0,0
57577,1,0,0
57578,1,0,0
57579,1,0,0
57580,1,0,0
57581,1,0,0
57582,1,0,0
57583,1,0,0
57584,1,0,0
57585,1,0,0
57586,1,0,0
57587,1,0,0
57588,1,0,0
57589,1,0,0
57590,1,0,0
57591,1,0,0
57592,1,0,0
57593,1,0,0
57594,1,0,0
57595,1,0,0
57596,1,0,0
57597,1,0,0
57598,1,0,0
57599,1,0,0
57600,1,0,0
57601,1,0,0
57602,1,0,0
57603,1,0,0
57604,1,0,0
57605,1,0,0
57606,1,0,0
57607,1,0,0
57608,1,0,0
57609,1,0,0
57610,1,0,0
57611,1,0,0
57612,1,0,0
57613,1,0,0
57614,1,0,0
57615,1,0,0
57616,1,0,0
57617,1,0,0
57618,1,0,0
57619,1,0,0
57620,1,0,0
57621,1,0,0
57622,1,0,0
57623,1,0,0
57624,1,0,0
57625,1,0,0
57626,1,0,0
57627,1,0,0
57628,1,0,0
57629,1,0,0
57630,1,0,0
57631,1,0,0
57632,1,0,0
57633,1,0,0
57634,1,0,0
57635,1,0,0
57636,1,0,0
57637,1,0,0
57638,1,0,0
57639,1,0,0
57640,1,0,0
57641,1,0,0
57642,1,0,0
57643,1,0,0
57644,1,0,0
57645,1,0,0
57646,1,0,0
57647,1,0,0
57648,1,0,0
57649,1,0,0
57650,1,0,0
57651,1,0,0
57652,1,0,0
57653,1,0,0
57654,1,0,0
57655,1,0,0
57656,1,0,0
57657,1,0,0
57658,1,0,0
57659,1,0,0
57660,1,0,0
57661,1,0,0
57662,1,0,0
57663,1,0,0
57664,1,0,0
57665,1,0,0
57666,1,0,0
57667,1,0,0
57668,1,0,0
57669,1,0,0
57670,1,0,0
57671,1,0,0
57672,1,0,0
57673,1,0,0
57674,1,0,0
57675,1,0,0
57676,1,0,0
57677,1,0,0
57678,1,0,0
57679,1,0,0
57680,1,0,0
57681,1,0,0
57682,1,0,0
57683,1,0,0
57684,1,0,0
57685,1,0,0
57686,1,0,0
57687,1,0,0
57688,1,0,0
57689,1,0,0
57690,1,0,0
57691,1,0,0
57692,1,0,0
57693,1,0,0
57694,1,0,0
57695,1,0,0
57696,1,0,0
57697,1,0,0
57698,1,0,0
57699,1,0,0
57700,1,0,0
57701,1,0,0
57702,1,0,0
57703,1,0,0
57704,1,0,0
57705,1,0,0
57706,1,0,0
57707,1,0,0
57708,1,0,0
57709,1,0,0
57710,1,0,0
57711,1,0,0
57712,1,0,0
57713,1,0,0
57714,1,0,0
57715,1,0,0
57716,1,0,0
57717,1,0,0
57718,1,0,0
57719,1,0,0
57720,1,0,0
57721,1,0,0
57722,1,0,0
57723,1,0,0
57724,1,0,0
57725,1,0,0
57726,1,0,0
57727,1,0,0
57728,1,0,0
57729,1,0,0
57730,1,0,0
57731,1,0,0
57732,1,0,0
57733,1,0,0
57734,1,0,0
57735,1,0,0
57736,1,0,0
57737,1,0,0
57738,1,0,0
57739,1,0,0
57740,1,0,0
57741,1,0,0
57742,1,0,0
57743,1,0,0
57744,1,0,0
57745,1,0,0
57746,1,0,0
57747,1,0,0
57748,1,0,0
57749,1,0,0
57750,1,0,0
57751,1,0,0
57752,1,0,0
57753,1,0,0
57754,1,0,0
57755,1,0,0
57756,1,0,0
57757,1,0,0
57758,1,0,0
57759,1,0,0
57760,1,0,0
57761,1,0,0
57762,1,0,0
57763,1,0,0
57764,1,0,0
57765,1,0,0
57766,1,0,0
57767,1,0,0
57768,1,0,0
57769,1,0,0
57770,1,0,0
57771,1,0,0
57772,1,0,0
57773,1,0,0
57774,1,0,0
57775,1,0,0
57776,1,0,0
57777,1,0,0
57778,1,0,0
57779,1,0,0
57780,1,0,0
57781,1,0,0
57782,1,0,0
57783,1,0,0
57784,1,0,0
57785,1,0,0
57786,1,0,0
57787,1,0,0
57788,1,0,0
57789,1,0,0
57790,1,0,0
57791,1,0,0
57792,1,0,0
57793,1,0,0
57794,1,0,0
57795,1,0,0
57796,1,0,0
57797,1,0,0
57798,1,0,0
57799,1,0,0
57800,1,0,0
57801,1,0,0
57802,1,0,0
57803,1,0,0
57804,1,0,0
57805,1,0,0
57806,1,0,0
57807,1,0,0
57808,1,0,0
57809,1,0,0
57810,1,0,0
57811,1,0,0
57812,1,0,0
57813,1,0,0
57814,1,0,0
57815,1,0,0
57816,1,0,0
57817,1,0,0
57818,1,0,0
57819,1,0,0
57820,1,0,0
57821,1,0,0
57822,1,0,0
57823,1,0,0
57824,1,0,0
57825,1,0,0
57826,1,0,0
57827,1,0,0
57828,1,0,0
57829,1,0,0
57830,1,0,0
57831,1,0,0
57832,1,0,0
57833,1,0,0
57834,1,0,0
57835,1,0,0
57836,1,0,0
57837,1,0,0
57838,1,0,0
57839,1,0,0
57840,1,0,0
57841,1,0,0
57842,1,0,0
57843,1,0,0
57844,1,0,0
57845,1,0,0
57846,1,0,0
57847,1,0,0
57848,1,0,0
57849,1,0,0
57850,1,0,0
57851,1,0,0
57852,1,0,0
57853,1,0,0
57854,1,0,0
57855,1,0,0
57856,1,0,0
57857,1,0,0
57858,1,0,0
57859,1,0,0
57860,1,0,0
57861,1,0,0
57862,1,0,0
57863,1,0,0
57864,1,0,0
57865,1,0,0
57866,1,0,0
57867,1,0,0
57868,1,0,0
57869,1,0,0
57870,1,0,0
57871,1,0,0
57872,1,0,0
57873,1,0,0
57874,1,0,0
57875,1,0,0
57876,1,0,0
57877,1,0,0
57878,1,0,0
57879,1,0,0
57880,1,0,0
57881,1,0,0
57882,1,0,0
57883,1,0,0
57884,1,0,0
57885,1,0,0
57886,1,0,0
57887,1,0,0
57888,1,0,0
57889,1,0,0
57890,1,0,0
57891,1,0,0
57892,1,0,0
57893,1,0,0
57894,1,0,0
57895,1,0,0
57896,1,0,0
57897,1,0,0
57898,1,0,0
57899,1,0,0
57900,1,0,0
57901,1,0,0
57902,1,0,0
57903,1,0,0
57904,1,0,0
57905,1,0,0
57906,1,0,0
57907,1,0,0
57908,1,0,0
57909,1,0,0
57910,1,0,0
57911,1,0,0
57912,1,0,0
57913,1,0,0
57914,1,0,0
57915,1,0,0
57916,1,0,0
57917,1,0,0
57918,1,0,0
57919,1,0,0
57920,1,0,0
57921,1,0,0
57922,1,0,0
57923,1,0,0
57924,1,0,0
57925,1,0,0
57926,1,0,0
57927,1,0,0
57928,1,0,0
57929,1,0,0
57930,1,0,0
57931,1,0,0
57932,1,0,0
57933,1,0,0
57934,1,0,0
57935,1,0,0
57936,1,0,0
57937,1,0,0
57938,1,0,0
57939,1,0,0
57940,1,0,0
57941,1,0,0
57942,1,0,0
57943,1,0,0
57944,1,0,0
57945,1,0,0
57946,1,0,0
57947,1,0,0
57948,1,0,0
57949,1,0,0
57950,1,0,0
57951,1,0,0
57952,1,0,0
57953,1,0,0
57954,1,0,0
57955,1,0,0
57956,1,0,0
57957,1,0,0
57958,1,0,0
57959,1,0,0
57960,1,0,0
57961,1,0,0
57962,1,0,0
57963,1,0,0
57964,1,0,0
57965,1,0,0
57966,1,0,0
57967,1,0,0
57968,1,0,0
57969,1,0,0
57970,1,0,0
57971,1,0,0
57972,1,0,0
57973,1,0,0
57974,1,0,0
57975,1,0,0
57976,1,0,0
57977,1,0,0
57978,1,0,0
57979,1,0,0
57980,1,0,0
57981,1,0,0
57982,1,0,0
57983,1,0,0
57984,1,0,0
57985,1,0,0
57986,1,0,0
57987,1,0,0
57988,1,0,0
57989,1,0,0
57990,1,0,0
57991,1,0,0
57992,1,0,0
57993,1,0,0
57994,1,0,0
57995,1,0,0
57996,1,0,0
57997,1,0,0
57998,1,0,0
57999,1,0,0
58000,1,0,0
58001,1,0,0
58002,1,0,0
58003,1,0,0
58004,1,0,0
58005,1,0,0
58006,1,0,0
58007,1,0,0
58008,1,0,0
58009,1,0,0
58010,1,0,0
58011,1,0,0
58012,1,0,0
58013,1,0,0
58014,1,0,0
58015,1,0,0
58016,1,0,0
58017,1,0,0
58018,1,0,0
58019,1,0,0
58020,1,0,0
58021,1,0,0
58022,1,0,0
58023,1,0,0
58024,1,0,0
58025,1,0,0
58026,1,0,0
58027,1,0,0
58028,1,0,0
58029,1,0,0
58030,1,0,0
58031,1,0,0
58032,1,0,0
58033,1,0,0
58034,1,0,0
58035,1,0,0
58036,1,0,0
58037,1,0,0
58038,1,0,0
58039,1,0,0
58040,1,0,0
58041,1,0,0
58042,1,0,0
58043,1,0,0
58044,1,0,0
58045,1,0,0
58046,1,0,0
58047,1,0,0
58048,1,0,0
58049,1,0,0
58050,1,0,0
58051,1,0,0
58052,1,0,0
58053,1,0,0
58054,1,0,0
58055,1,0,0
58056,1,0,0
58057,1,0,0
58058,1,0,0
58059,1,0,0
58060,1,0,0
58061,1,0,0
58062,1,0,0
58063,1,0,0
58064,1,0,0
58065,1,0,0
58066,1,0,0
58067,1,0,0
58068,1,0,0
58069,1,0,0
58070,1,0,0
58071,1,0,0
58072,1,0,0
58073,1,0,0
58074,1,0,0
58075,1,0,0
58076,1,0,0
58077,1,0,0
58078,1,0,0
58079,1,0,0
58080,1,0,0
58081,1,0,0
58082,1,0,0
58083,1,0,0
58084,1,0,0
58085,1,0,0
58086,1,0,0
58087,1,0,0
58088,1,0,0
58089,1,0,0
58090,1,0,0
58091,1,0,0
58092,1,0,0
58093,1,0,0
58094,1,0,0
58095,1,0,0
58096,1,0,0
58097,1,0,0
58098,1,0,0
58099,1,0,0
58100,1,0,0
58101,1,0,0
58102,1,0,0
58103,1,0,0
58104,1,0,0
58105,1,0,0
58106,1,0,0
58107,1,0,0
58108,1,0,0
58109,1,0,0
58110,1,0,0
58111,1,0,0
58112,1,0,0
58113,1,0,0
58114,1,0,0
58115,1,0,0
58116,1,0,0
58117,1,0,0
58118,1,0,0
58119,1,0,0
58120,1,0,0
58121,1,0,0
58122,1,0,0
58123,1,0,0
58124,1,0,0
58125,1,0,0
58126,1,0,0
58127,1,0,0
58128,1,0,0
58129,1,0,0
58130,1,0,0
58131,1,0,0
58132,1,0,0
58133,1,0,0
58134,1,0,0
58135,1,0,0
58136,1,0,0
58137,1,0,0
58138,1,0,0
58139,1,0,0
58140,1,0,0
58141,1,0,0
58142,1,0,0
58143,1,0,0
58144,1,0,0
58145,1,0,0
58146,1,0,0
58147,1,0,0
58148,1,0,0
58149,1,0,0
58150,1,0,0
58151,1,0,0
58152,1,0,0
58153,1,0,0
58154,1,0,0
58155,1,0,0
58156,1,0,0
58157,1,0,0
58158,1,0,0
58159,1,0,0
58160,1,0,0
58161,1,0,0
58162,1,0,0
58163,1,0,0
58164,1,0,0
58165,1,0,0
58166,1,0,0
58167,1,0,0
58168,1,0,0
58169,1,0,0
58170,1,0,0
58171,1,0,0
58172,1,0,0
58173,1,0,0
58174,1,0,0
58175,1,0,0
58176,1,0,0
58177,1,0,0
58178,1,0,0
58179,1,0,0
58180,1,0,0
58181,1,0,0
58182,1,0,0
58183,1,0,0
58184,1,0,0
58185,1,0,0
58186,1,0,0
58187,1,0,0
58188,1,0,0
58189,1,0,0
58190,1,0,0
58191,1,0,0
58192,1,0,0
58193,1,0,0
58194,1,0,0
58195,1,0,0
58196,1,0,0
58197,1,0,0
58198,1,0,0
58199,1,0,0
58200,1,0,0
58201,1,0,0
58202,1,0,0
58203,1,0,0
58204,1,0,0
58205,1,0,0
58206,1,0,0
58207,1,0,0
58208,1,0,0
58209,1,0,0
58210,1,0,0
58211,1,0,0
58212,1,0,0
58213,1,0,0
58214,1,0,0
58215,1,0,0
58216,1,0,0
58217,1,0,0
58218,1,0,0
58219,1,0,0
58220,1,0,0
58221,1,0,0
58222,1,0,0
58223,1,0,0
58224,1,0,0
58225,1,0,0
58226,1,0,0
58227,1,0,0
58228,1,0,0
58229,1,0,0
58230,1,0,0
58231,1,0,0
58232,1,0,0
58233,1,0,0
58234,1,0,0
58235,1,0,0
58236,1,0,0
58237,1,0,0
58238,1,0,0
58239,1,0,0
58240,1,0,0
58241,1,0,0
58242,1,0,0
58243,1,0,0
58244,1,0,0
58245,1,0,0
58246,1,0,0
58247,1,0,0
58248,1,0,0
58249,1,0,0
58250,1,0,0
58251,1,0,0
58252,1,0,0
58253,1,0,0
58254,1,0,0
58255,1,0,0
58256,1,0,0
58257,1,0,0
58258,1,0,0
58259,1,0,0
58260,1,0,0
58261,1,0,0
58262,1,0,0
58263,1,0,0
58264,1,0,0
58265,1,0,0
58266,1,0,0
58267,1,0,0
58268,1,0,0
58269,1,0,0
58270,1,0,0
58271,1,0,0
58272,1,0,0
58273,1,0,0
58274,1,0,0
58275,1,0,0
58276,1,0,0
58277,1,0,0
58278,1,0,0
58279,1,0,0
58280,1,0,0
58281,1,0,0
58282,1,0,0
58283,1,0,0
58284,1,0,0
58285,1,0,0
58286,1,0,0
58287,1,0,0
58288,1,0,0
58289,1,0,0
58290,1,0,0
58291,1,0,0
58292,1,0,0
58293,1,0,0
58294,1,0,0
58295,1,0,0
58296,1,0,0
58297,1,0,0
58298,1,0,0
58299,1,0,0
58300,1,0,0
58301,1,0,0
58302,1,0,0
58303,1,0,0
58304,1,0,0
58305,1,0,0
58306,1,0,0
58307,1,0,0
58308,1,0,0
58309,1,0,0
58310,1,0,0
58311,1,0,0
58312,1,0,0
58313,1,0,0
58314,1,0,0
58315,1,0,0
58316,1,0,0
58317,1,0,0
58318,1,0,0
58319,1,0,0
58320,1,0,0
58321,1,0,0
58322,1,0,0
58323,1,0,0
58324,1,0,0
58325,1,0,0
58326,1,0,0
58327,1,0,0
58328,1,0,0
58329,1,0,0
58330,1,0,0
58331,1,0,0
58332,1,0,0
58333,1,0,0
58334,1,0,0
58335,1,0,0
58336,1,0,0
58337,1,0,0
58338,1,0,0
58339,1,0,0
58340,1,0,0
58341,1,0,0
58342,1,0,0
58343,1,0,0
58344,1,0,0
58345,1,0,0
58346,1,0,0
58347,1,0,0
58348,1,0,0
58349,1,0,0
58350,1,0,0
58351,1,0,0
58352,1,0,0
58353,1,0,0
58354,1,0,0
58355,1,0,0
58356,1,0,0
58357,1,0,0
58358,1,0,0
58359,1,0,0
58360,1,0,0
58361,1,0,0
58362,1,0,0
58363,1,0,0
58364,1,0,0
58365,1,0,0
58366,1,0,0
58367,1,0,0
58368,1,0,0
58369,1,0,0
58370,1,0,0
58371,1,0,0
58372,1,0,0
58373,1,0,0
58374,1,0,0
58375,1,0,0
58376,1,0,0
58377,1,0,0
58378,1,0,0
58379,1,0,0
58380,1,0,0
58381,1,0,0
58382,1,0,0
58383,1,0,0
58384,1,0,0
58385,1,0,0
58386,1,0,0
58387,1,0,0
58388,1,0,0
58389,1,0,0
58390,1,0,0
58391,1,0,0
58392,1,0,0
58393,1,0,0
58394,1,0,0
58395,1,0,0
58396,1,0,0
58397,1,0,0
58398,1,0,0
58399,1,0,0
58400,1,0,0
58401,1,0,0
58402,1,0,0
58403,1,0,0
58404,1,0,0
58405,1,0,0
58406,1,0,0
58407,1,0,0
58408,1,0,0
58409,1,0,0
58410,1,0,0
58411,1,0,0
58412,1,0,0
58413,1,0,0
58414,1,0,0
58415,1,0,0
58416,1,0,0
58417,1,0,0
58418,1,0,0
58419,1,0,0
58420,1,0,0
58421,1,0,0
58422,1,0,0
58423,1,0,0
58424,1,0,0
58425,1,0,0
58426,1,0,0
58427,1,0,0
58428,1,0,0
58429,1,0,0
58430,1,0,0
58431,1,0,0
58432,1,0,0
58433,1,0,0
58434,1,0,0
58435,1,0,0
58436,1,0,0
58437,1,0,0
58438,1,0,0
58439,1,0,0
58440,1,0,0
58441,1,0,0
58442,1,0,0
58443,1,0,0
58444,1,0,0
58445,1,0,0
58446,1,0,0
58447,1,0,0
58448,1,0,0
58449,1,0,0
58450,1,0,0
58451,1,0,0
58452,1,0,0
58453,1,0,0
58454,1,0,0
58455,1,0,0
58456,1,0,0
58457,1,0,0
58458,1,0,0
58459,1,0,0
58460,1,0,0
58461,1,0,0
58462,1,0,0
58463,1,0,0
58464,1,0,0
58465,1,0,0
58466,1,0,0
58467,1,0,0
58468,1,0,0
58469,1,0,0
58470,1,0,0
58471,1,0,0
58472,1,0,0
58473,1,0,0
58474,1,0,0
58475,1,0,0
58476,1,0,0
58477,1,0,0
58478,1,0,0
58479,1,0,0
58480,1,0,0
58481,1,0,0
58482,1,0,0
58483,1,0,0
58484,1,0,0
58485,1,0,0
58486,1,0,0
58487,1,0,0
58488,1,0,0
58489,1,0,0
58490,1,0,0
58491,1,0,0
58492,1,0,0
58493,1,0,0
58494,1,0,0
58495,1,0,0
58496,1,0,0
58497,1,0,0
58498,1,0,0
58499,1,0,0
58500,1,0,0
58501,1,0,0
58502,1,0,0
58503,1,0,0
58504,1,0,0
58505,1,0,0
58506,1,0,0
58507,1,0,0
58508,1,0,0
58509,1,0,0
58510,1,0,0
58511,1,0,0
58512,1,0,0
58513,1,0,0
58514,1,0,0
58515,1,0,0
58516,1,0,0
58517,1,0,0
58518,1,0,0
58519,1,0,0
58520,1,0,0
58521,1,0,0
58522,1,0,0
58523,1,0,0
58524,1,0,0
58525,1,0,0
58526,1,0,0
58527,1,0,0
58528,1,0,0
58529,1,0,0
58530,1,0,0
58531,1,0,0
58532,1,0,0
58533,1,0,0
58534,1,0,0
58535,1,0,0
58536,1,0,0
58537,1,0,0
58538,1,0,0
58539,1,0,0
58540,1,0,0
58541,1,0,0
58542,1,0,0
58543,1,0,0
58544,1,0,0
58545,1,0,0
58546,1,0,0
58547,1,0,0
58548,1,0,0
58549,1,0,0
58550,1,0,0
58551,1,0,0
58552,1,0,0
58553,1,0,0
58554,1,0,0
58555,1,0,0
58556,1,0,0
58557,1,0,0
58558,1,0,0
58559,1,0,0
58560,1,0,0
58561,1,0,0
58562,1,0,0
58563,1,0,0
58564,1,0,0
58565,1,0,0
58566,1,0,0
58567,1,0,0
58568,1,0,0
58569,1,0,0
58570,1,0,0
58571,1,0,0
58572,1,0,0
58573,1,0,0
58574,1,0,0
58575,1,0,0
58576,1,0,0
58577,1,0,0
58578,1,0,0
58579,1,0,0
58580,1,0,0
58581,1,0,0
58582,1,0,0
58583,1,0,0
58584,1,0,0
58585,1,0,0
58586,1,0,0
58587,1,0,0
58588,1,0,0
58589,1,0,0
58590,1,0,0
58591,1,0,0
58592,1,0,0
58593,1,0,0
58594,1,0,0
58595,1,0,0
58596,1,0,0
58597,1,0,0
58598,1,0,0
58599,1,0,0
58600,1,0,0
58601,1,0,0
58602,1,0,0
58603,1,0,0
58604,1,0,0
58605,1,0,0
58606,1,0,0
58607,1,0,0
58608,1,0,0
58609,1,0,0
58610,1,0,0
58611,1,0,0
58612,1,0,0
58613,1,0,0
58614,1,0,0
58615,1,0,0
58616,1,0,0
58617,1,0,0
58618,1,0,0
58619,1,0,0
58620,1,0,0
58621,1,0,0
58622,1,0,0
58623,1,0,0
58624,1,0,0
58625,1,0,0
58626,1,0,0
58627,1,0,0
58628,1,0,0
58629,1,0,0
58630,1,0,0
58631,1,0,0
58632,1,0,0
58633,1,0,0
58634,1,0,0
58635,1,0,0
58636,1,0,0
58637,1,0,0
58638,1,0,0
58639,1,0,0
58640,1,0,0
58641,1,0,0
58642,1,0,0
58643,1,0,0
58644,1,0,0
58645,1,0,0
58646,1,0,0
58647,1,0,0
58648,1,0,0
58649,1,0,0
58650,1,0,0
58651,1,0,0
58652,1,0,0
58653,1,0,0
58654,1,0,0
58655,1,0,0
58656,1,0,0
58657,1,0,0
58658,1,0,0
58659,1,0,0
58660,1,0,0
58661,1,0,0
58662,1,0,0
58663,1,0,0
58664,1,0,0
58665,1,0,0
58666,1,0,0
58667,1,0,0
58668,1,0,0
58669,1,0,0
58670,1,0,0
58671,1,0,0
58672,1,0,0
58673,1,0,0
58674,1,0,0
58675,1,0,0
58676,1,0,0
58677,1,0,0
58678,1,0,0
58679,1,0,0
58680,1,0,0
58681,1,0,0
58682,1,0,0
58683,1,0,0
58684,1,0,0
58685,1,0,0
58686,1,0,0
58687,1,0,0
58688,1,0,0
58689,1,0,0
58690,1,0,0
58691,1,0,0
58692,1,0,0
58693,1,0,0
58694,1,0,0
58695,1,0,0
58696,1,0,0
58697,1,0,0
58698,1,0,0
58699,1,0,0
58700,1,0,0
58701,1,0,0
58702,1,0,0
58703,1,0,0
58704,1,0,0
58705,1,0,0
58706,1,0,0
58707,1,0,0
58708,1,0,0
58709,1,0,0
58710,1,0,0
58711,1,0,0
58712,1,0,0
58713,1,0,0
58714,1,0,0
58715,1,0,0
58716,1,0,0
58717,1,0,0
58718,1,0,0
58719,1,0,0
58720,1,0,0
58721,1,0,0
58722,1,0,0
58723,1,0,0
58724,1,0,0
58725,1,0,0
58726,1,0,0
58727,1,0,0
58728,1,0,0
58729,1,0,0
58730,1,0,0
58731,1,0,0
58732,1,0,0
58733,1,0,0
58734,1,0,0
58735,1,0,0
58736,1,0,0
58737,1,0,0
58738,1,0,0
58739,1,0,0
58740,1,0,0
58741,1,0,0
58742,1,0,0
58743,1,0,0
58744,1,0,0
58745,1,0,0
58746,1,0,0
58747,1,0,0
58748,1,0,0
58749,1,0,0
58750,1,0,0
58751,1,0,0
58752,1,0,0
58753,1,0,0
58754,1,0,0
58755,1,0,0
58756,1,0,0
58757,1,0,0
58758,1,0,0
58759,1,0,0
58760,1,0,0
58761,1,0,0
58762,1,0,0
58763,1,0,0
58764,1,0,0
58765,1,0,0
58766,1,0,0
58767,1,0,0
58768,1,0,0
58769,1,0,0
58770,1,0,0
58771,1,0,0
58772,1,0,0
58773,1,0,0
58774,1,0,0
58775,1,0,0
58776,1,0,0
58777,1,0,0
58778,1,0,0
58779,1,0,0
58780,1,0,0
58781,1,0,0
58782,1,0,0
58783,1,0,0
58784,1,0,0
58785,1,0,0
58786,1,0,0
58787,1,0,0
58788,1,0,0
58789,1,0,0
58790,1,0,0
58791,1,0,0
58792,1,0,0
58793,1,0,0
58794,1,0,0
58795,1,0,0
58796,1,0,0
58797,1,0,0
58798,1,0,0
58799,1,0,0
58800,1,0,0
58801,1,0,0
58802,1,0,0
58803,1,0,0
58804,1,0,0
58805,1,0,0
58806,1,0,0
58807,1,0,0
58808,1,0,0
58809,1,0,0
58810,1,0,0
58811,1,0,0
58812,1,0,0
58813,1,0,0
58814,1,0,0
58815,1,0,0
58816,1,0,0
58817,1,0,0
58818,1,0,0
58819,1,0,0
58820,1,0,0
58821,1,0,0
58822,1,0,0
58823,1,0,0
58824,1,0,0
58825,1,0,0
58826,1,0,0
58827,1,0,0
58828,1,0,0
58829,1,0,0
58830,1,0,0
58831,1,0,0
58832,1,0,0
58833,1,0,0
58834,1,0,0
58835,1,0,0
58836,1,0,0
58837,1,0,0
58838,1,0,0
58839,1,0,0
58840,1,0,0
58841,1,0,0
58842,1,0,0
58843,1,0,0
58844,1,0,0
58845,1,0,0
58846,1,0,0
58847,1,0,0
58848,1,0,0
58849,1,0,0
58850,1,0,0
58851,1,0,0
58852,1,0,0
58853,1,0,0
58854,1,0,0
58855,1,0,0
58856,1,0,0
58857,1,0,0
58858,1,0,0
58859,1,0,0
58860,1,0,0
58861,1,0,0
58862,1,0,0
58863,1,0,0
58864,1,0,0
58865,1,0,0
58866,1,0,0
58867,1,0,0
58868,1,0,0
58869,1,0,0
58870,1,0,0
58871,1,0,0
58872,1,0,0
58873,1,0,0
58874,1,0,0
58875,1,0,0
58876,1,0,0
58877,1,0,0
58878,1,0,0
58879,1,0,0
58880,1,0,0
58881,1,0,0
58882,1,0,0
58883,1,0,0
58884,1,0,0
58885,1,0,0
58886,1,0,0
58887,1,0,0
58888,1,0,0
58889,1,0,0
58890,1,0,0
58891,1,0,0
58892,1,0,0
58893,1,0,0
58894,1,0,0
58895,1,0,0
58896,1,0,0
58897,1,0,0
58898,1,0,0
58899,1,0,0
58900,1,0,0
58901,1,0,0
58902,1,0,0
58903,1,0,0
58904,1,0,0
58905,1,0,0
58906,1,0,0
58907,1,0,0
58908,1,0,0
58909,1,0,0
58910,1,0,0
58911,1,0,0
58912,1,0,0
58913,1,0,0
58914,1,0,0
58915,1,0,0
58916,1,0,0
58917,1,0,0
58918,1,0,0
58919,1,0,0
58920,1,0,0
58921,1,0,0
58922,1,0,0
58923,1,0,0
58924,1,0,0
58925,1,0,0
58926,1,0,0
58927,1,0,0
58928,1,0,0
58929,1,0,0
58930,1,0,0
58931,1,0,0
58932,1,0,0
58933,1,0,0
58934,1,0,0
58935,1,0,0
58936,1,0,0
58937,1,0,0
58938,1,0,0
58939,1,0,0
58940,1,0,0
58941,1,0,0
58942,1,0,0
58943,1,0,0
58944,1,0,0
58945,1,0,0
58946,1,0,0
58947,1,0,0
58948,1,0,0
58949,1,0,0
58950,1,0,0
58951,1,0,0
58952,1,0,0
58953,1,0,0
58954,1,0,0
58955,1,0,0
58956,1,0,0
58957,1,0,0
58958,1,0,0
58959,1,0,0
58960,1,0,0
58961,1,0,0
58962,1,0,0
58963,1,0,0
58964,1,0,0
58965,1,0,0
58966,1,0,0
58967,1,0,0
58968,1,0,0
58969,1,0,0
58970,1,0,0
58971,1,0,0
58972,1,0,0
58973,1,0,0
58974,1,0,0
58975,1,0,0
58976,1,0,0
58977,1,0,0
58978,1,0,0
58979,1,0,0
58980,1,0,0
58981,1,0,0
58982,1,0,0
58983,1,0,0
58984,1,0,0
58985,1,0,0
58986,1,0,0
58987,1,0,0
58988,1,0,0
58989,1,0,0
58990,1,0,0
58991,1,0,0
58992,1,0,0
58993,1,0,0
58994,1,0,0
58995,1,0,0
58996,1,0,0
58997,1,0,0
58998,1,0,0
58999,1,0,0
59000,1,0,0
59001,1,0,0
59002,1,0,0
59003,1,0,0
59004,1,0,0
59005,1,0,0
59006,1,0,0
59007,1,0,0
59008,1,0,0
59009,1,0,0
59010,1,0,0
59011,1,0,0
59012,1,0,0
59013,1,0,0
59014,1,0,0
59015,1,0,0
59016,1,0,0
59017,1,0,0
59018,1,0,0
59019,1,0,0
59020,1,0,0
59021,1,0,0
59022,1,0,0
59023,1,0,0
59024,1,0,0
59025,1,0,0
59026,1,0,0
59027,1,0,0
59028,1,0,0
59029,1,0,0
59030,1,0,0
59031,1,0,0
59032,1,0,0
59033,1,0,0
59034,1,0,0
59035,1,0,0
59036,1,0,0
59037,1,0,0
59038,1,0,0
59039,1,0,0
59040,1,0,0
59041,1,0,0
59042,1,0,0
59043,1,0,0
59044,1,0,0
59045,1,0,0
59046,1,0,0
59047,1,0,0
59048,1,0,0
59049,1,0,0
59050,1,0,0
59051,1,0,0
59052,1,0,0
59053,1,0,0
59054,1,0,0
59055,1,0,0
59056,1,0,0
59057,1,0,0
59058,1,0,0
59059,1,0,0
59060,1,0,0
59061,1,0,0
59062,1,0,0
59063,1,0,0
59064,1,0,0
59065,1,0,0
59066,1,0,0
59067,1,0,0
59068,1,0,0
59069,1,0,0
59070,1,0,0
59071,1,0,0
59072,1,0,0
59073,1,0,0
59074,1,0,0
59075,1,0,0
59076,1,0,0
59077,1,0,0
59078,1,0,0
59079,1,0,0
59080,1,0,0
59081,1,0,0
59082,1,0,0
59083,1,0,0
59084,1,0,0
59085,1,0,0
59086,1,0,0
59087,1,0,0
59088,1,0,0
59089,1,0,0
59090,1,0,0
59091,1,0,0
59092,1,0,0
59093,1,0,0
59094,1,0,0
59095,1,0,0
59096,1,0,0
59097,1,0,0
59098,1,0,0
59099,1,0,0
59100,1,0,0
59101,1,0,0
59102,1,0,0
59103,1,0,0
59104,1,0,0
59105,1,0,0
59106,1,0,0
59107,1,0,0
59108,1,0,0
59109,1,0,0
59110,1,0,0
59111,1,0,0
59112,1,0,0
59113,1,0,0
59114,1,0,0
59115,1,0,0
59116,1,0,0
59117,1,0,0
59118,1,0,0
59119,1,0,0
59120,1,0,0
59121,1,0,0
59122,1,0,0
59123,1,0,0
59124,1,0,0
59125,1,0,0
59126,1,0,0
59127,1,0,0
59128,1,0,0
59129,1,0,0
59130,1,0,0
59131,1,0,0
59132,1,0,0
59133,1,0,0
59134,1,0,0
59135,1,0,0
59136,1,0,0
59137,1,0,0
59138,1,0,0
59139,1,0,0
59140,1,0,0
59141,1,0,0
59142,1,0,0
59143,1,0,0
59144,1,0,0
59145,1,0,0
59146,1,0,0
59147,1,0,0
59148,1,0,0
59149,1,0,0
59150,1,0,0
59151,1,0,0
59152,1,0,0
59153,1,0,0
59154,1,0,0
59155,1,0,0
59156,1,0,0
59157,1,0,0
59158,1,0,0
59159,1,0,0
59160,1,0,0
59161,1,0,0
59162,1,0,0
59163,1,0,0
59164,1,0,0
59165,1,0,0
59166,1,0,0
59167,1,0,0
59168,1,0,0
59169,1,0,0
59170,1,0,0
59171,1,0,0
59172,1,0,0
59173,1,0,0
59174,1,0,0
59175,1,0,0
59176,1,0,0
59177,1,0,0
59178,1,0,0
59179,1,0,0
59180,1,0,0
59181,1,0,0
59182,1,0,0
59183,1,0,0
59184,1,0,0
59185,1,0,0
59186,1,0,0
59187,1,0,0
59188,1,0,0
59189,1,0,0
59190,1,0,0
59191,1,0,0
59192,1,0,0
59193,1,0,0
59194,1,0,0
59195,1,0,0
59196,1,0,0
59197,1,0,0
59198,1,0,0
59199,1,0,0
59200,1,0,0
59201,1,0,0
59202,1,0,0
59203,1,0,0
59204,1,0,0
59205,1,0,0
59206,1,0,0
59207,1,0,0
59208,1,0,0
59209,1,0,0
59210,1,0,0
59211,1,0,0
59212,1,0,0
59213,1,0,0
59214,1,0,0
59215,1,0,0
59216,1,0,0
59217,1,0,0
59218,1,0,0
59219,1,0,0
59220,1,0,0
59221,1,0,0
59222,1,0,0
59223,1,0,0
59224,1,0,0
59225,1,0,0
59226,1,0,0
59227,1,0,0
59228,1,0,0
59229,1,0,0
59230,1,0,0
59231,1,0,0
59232,1,0,0
59233,1,0,0
59234,1,0,0
59235,1,0,0
59236,1,0,0
59237,1,0,0
59238,1,0,0
59239,1,0,0
59240,1,0,0
59241,1,0,0
59242,1,0,0
59243,1,0,0
59244,1,0,0
59245,1,0,0
59246,1,0,0
59247,1,0,0
59248,1,0,0
59249,1,0,0
59250,1,0,0
59251,1,0,0
59252,1,0,0
59253,1,0,0
59254,1,0,0
59255,1,0,0
59256,1,0,0
59257,1,0,0
59258,1,0,0
59259,1,0,0
59260,1,0,0
59261,1,0,0
59262,1,0,0
59263,1,0,0
59264,1,0,0
59265,1,0,0
59266,1,0,0
59267,1,0,0
59268,1,0,0
59269,1,0,0
59270,1,0,0
59271,1,0,0
59272,1,0,0
59273,1,0,0
59274,1,0,0
59275,1,0,0
59276,1,0,0
59277,1,0,0
59278,1,0,0
59279,1,0,0
59280,1,0,0
59281,1,0,0
59282,1,0,0
59283,1,0,0
59284,1,0,0
59285,1,0,0
59286,1,0,0
59287,1,0,0
59288,1,0,0
59289,1,0,0
59290,1,0,0
59291,1,0,0
59292,1,0,0
59293,1,0,0
59294,1,0,0
59295,1,0,0
59296,1,0,0
59297,1,0,0
59298,1,0,0
59299,1,0,0
59300,1,0,0
59301,1,0,0
59302,1,0,0
59303,1,0,0
59304,1,0,0
59305,1,0,0
59306,1,0,0
59307,1,0,0
59308,1,0,0
59309,1,0,0
59310,1,0,0
59311,1,0,0
59312,1,0,0
59313,1,0,0
59314,1,0,0
59315,1,0,0
59316,1,0,0
59317,1,0,0
59318,1,0,0
59319,1,0,0
59320,1,0,0
59321,1,0,0
59322,1,0,0
59323,1,0,0
59324,1,0,0
59325,1,0,0
59326,1,0,0
59327,1,0,0
59328,1,0,0
59329,1,0,0
59330,1,0,0
59331,1,0,0
59332,1,0,0
59333,1,0,0
59334,1,0,0
59335,1,0,0
59336,1,0,0
59337,1,0,0
59338,1,0,0
59339,1,0,0
59340,1,0,0
59341,1,0,0
59342,1,0,0
59343,1,0,0
59344,1,0,0
59345,1,0,0
59346,1,0,0
59347,1,0,0
59348,1,0,0
59349,1,0,0
59350,1,0,0
59351,1,0,0
59352,1,0,0
59353,1,0,0
59354,1,0,0
59355,1,0,0
59356,1,0,0
59357,1,0,0
59358,1,0,0
59359,1,0,0
59360,1,0,0
59361,1,0,0
59362,1,0,0
59363,1,0,0
59364,1,0,0
59365,1,0,0
59366,1,0,0
59367,1,0,0
59368,1,0,0
59369,1,0,0
59370,1,0,0
59371,1,0,0
59372,1,0,0
59373,1,0,0
59374,1,0,0
59375,1,0,0
59376,1,0,0
59377,1,0,0
59378,1,0,0
59379,1,0,0
59380,1,0,0
59381,1,0,0
59382,1,0,0
59383,1,0,0
59384,1,0,0
59385,1,0,0
59386,1,0,0
59387,1,0,0
59388,1,0,0
59389,1,0,0
59390,1,0,0
59391,1,0,0
59392,1,0,0
59393,1,0,0
59394,1,0,0
59395,1,0,0
59396,1,0,0
59397,1,0,0
59398,1,0,0
59399,1,0,0
59400,1,0,0
59401,1,0,0
59402,1,0,0
59403,1,0,0
59404,1,0,0
59405,1,0,0
59406,1,0,0
59407,1,0,0
59408,1,0,0
59409,1,0,0
59410,1,0,0
59411,1,0,0
59412,1,0,0
59413,1,0,0
59414,1,0,0
59415,1,0,0
59416,1,0,0
59417,1,0,0
59418,1,0,0
59419,1,0,0
59420,1,0,0
59421,1,0,0
59422,1,0,0
59423,1,0,0
59424,1,0,0
59425,1,0,0
59426,1,0,0
59427,1,0,0
59428,1,0,0
59429,1,0,0
59430,1,0,0
59431,1,0,0
59432,1,0,0
59433,1,0,0
59434,1,0,0
59435,1,0,0
59436,1,0,0
59437,1,0,0
59438,1,0,0
59439,1,0,0
59440,1,0,0
59441,1,0,0
59442,1,0,0
59443,1,0,0
59444,1,0,0
59445,1,0,0
59446,1,0,0
59447,1,0,0
59448,1,0,0
59449,1,0,0
59450,1,0,0
59451,1,0,0
59452,1,0,0
59453,1,0,0
59454,1,0,0
59455,1,0,0
59456,1,0,0
59457,1,0,0
59458,1,0,0
59459,1,0,0
59460,1,0,0
59461,1,0,0
59462,1,0,0
59463,1,0,0
59464,1,0,0
59465,1,0,0
59466,1,0,0
59467,1,0,0
59468,1,0,0
59469,1,0,0
59470,1,0,0
59471,1,0,0
59472,1,0,0
59473,1,0,0
59474,1,0,0
59475,1,0,0
59476,1,0,0
59477,1,0,0
59478,1,0,0
59479,1,0,0
59480,1,0,0
59481,1,0,0
59482,1,0,0
59483,1,0,0
59484,1,0,0
59485,1,0,0
59486,1,0,0
59487,1,0,0
59488,1,0,0
59489,1,0,0
59490,1,0,0
59491,1,0,0
59492,1,0,0
59493,1,0,0
59494,1,0,0
59495,1,0,0
59496,1,0,0
59497,1,0,0
59498,1,0,0
59499,1,0,0
59500,1,0,0
59501,1,0,0
59502,1,0,0
59503,1,0,0
59504,1,0,0
59505,1,0,0
59506,1,0,0
59507,1,0,0
59508,1,0,0
59509,1,0,0
59510,1,0,0
59511,1,0,0
59512,1,0,0
59513,1,0,0
59514,1,0,0
59515,1,0,0
59516,1,0,0
59517,1,0,0
59518,1,0,0
59519,1,0,0
59520,1,0,0
59521,1,0,0
59522,1,0,0
59523,1,0,0
59524,1,0,0
59525,1,0,0
59526,1,0,0
59527,1,0,0
59528,1,0,0
59529,1,0,0
59530,1,0,0
59531,1,0,0
59532,1,0,0
59533,1,0,0
59534,1,0,0
59535,1,0,0
59536,1,0,0
59537,1,0,0
59538,1,0,0
59539,1,0,0
59540,1,0,0
59541,1,0,0
59542,1,0,0
59543,1,0,0
59544,1,0,0
59545,1,0,0
59546,1,0,0
59547,1,0,0
59548,1,0,0
59549,1,0,0
59550,1,0,0
59551,1,0,0
59552,1,0,0
59553,1,0,0
59554,1,0,0
59555,1,0,0
59556,1,0,0
59557,1,0,0
59558,1,0,0
59559,1,0,0
59560,1,0,0
59561,1,0,0
59562,1,0,0
59563,1,0,0
59564,1,0,0
59565,1,0,0
59566,1,0,0
59567,1,0,0
59568,1,0,0
59569,1,0,0
59570,1,0,0
59571,1,0,0
59572,1,0,0
59573,1,0,0
59574,1,0,0
59575,1,0,0
59576,1,0,0
59577,1,0,0
59578,1,0,0
59579,1,0,0
59580,1,0,0
59581,1,0,0
59582,1,0,0
59583,1,0,0
59584,1,0,0
59585,1,0,0
59586,1,0,0
59587,1,0,0
59588,1,0,0
59589,1,0,0
59590,1,0,0
59591,1,0,0
59592,1,0,0
59593,1,0,0
59594,1,0,0
59595,1,0,0
59596,1,0,0
59597,1,0,0
59598,1,0,0
59599,1,0,0
59600,1,0,0
59601,1,0,0
59602,1,0,0
59603,1,0,0
59604,1,0,0
59605,1,0,0
59606,1,0,0
59607,1,0,0
59608,1,0,0
59609,1,0,0
59610,1,0,0
59611,1,0,0
59612,1,0,0
59613,1,0,0
59614,1,0,0
59615,1,0,0
59616,1,0,0
59617,1,0,0
59618,1,0,0
59619,1,0,0
59620,1,0,0
59621,1,0,0
59622,1,0,0
59623,1,0,0
59624,1,0,0
59625,1,0,0
59626,1,0,0
59627,1,0,0
59628,1,0,0
59629,1,0,0
59630,1,0,0
59631,1,0,0
59632,1,0,0
59633,1,0,0
59634,1,0,0
59635,1,0,0
59636,1,0,0
59637,1,0,0
59638,1,0,0
59639,1,0,0
59640,1,0,0
59641,1,0,0
59642,1,0,0
59643,1,0,0
59644,1,0,0
59645,1,0,0
59646,1,0,0
59647,1,0,0
59648,1,0,0
59649,1,0,0
59650,1,0,0
59651,1,0,0
59652,1,0,0
59653,1,0,0
59654,1,0,0
59655,1,0,0
59656,1,0,0
59657,1,0,0
59658,1,0,0
59659,1,0,0
59660,1,0,0
59661,1,0,0
59662,1,0,0
59663,1,0,0
59664,1,0,0
59665,1,0,0
59666,1,0,0
59667,1,0,0
59668,1,0,0
59669,1,0,0
59670,1,0,0
59671,1,0,0
59672,1,0,0
59673,1,0,0
59674,1,0,0
59675,1,0,0
59676,1,0,0
59677,1,0,0
59678,1,0,0
59679,1,0,0
59680,1,0,0
59681,1,0,0
59682,1,0,0
59683,1,0,0
59684,1,0,0
59685,1,0,0
59686,1,0,0
59687,1,0,0
59688,1,0,0
59689,1,0,0
59690,1,0,0
59691,1,0,0
59692,1,0,0
59693,1,0,0
59694,1,0,0
59695,1,0,0
59696,1,0,0
59697,1,0,0
59698,1,0,0
59699,1,0,0
59700,1,0,0
59701,1,0,0
59702,1,0,0
59703,1,0,0
59704,1,0,0
59705,1,0,0
59706,1,0,0
59707,1,0,0
59708,1,0,0
59709,1,0,0
59710,1,0,0
59711,1,0,0
59712,1,0,0
59713,1,0,0
59714,1,0,0
59715,1,0,0
59716,1,0,0
59717,1,0,0
59718,1,0,0
59719,1,0,0
59720,1,0,0
59721,1,0,0
59722,1,0,0
59723,1,0,0
59724,1,0,0
59725,1,0,0
59726,1,0,0
59727,1,0,0
59728,1,0,0
59729,1,0,0
59730,1,0,0
59731,1,0,0
59732,1,0,0
59733,1,0,0
59734,1,0,0
59735,1,0,0
59736,1,0,0
59737,1,0,0
59738,1,0,0
59739,1,0,0
59740,1,0,0
59741,1,0,0
59742,1,0,0
59743,1,0,0
59744,1,0,0
59745,1,0,0
59746,1,0,0
59747,1,0,0
59748,1,0,0
59749,1,0,0
59750,1,0,0
59751,1,0,0
59752,1,0,0
59753,1,0,0
59754,1,0,0
59755,1,0,0
59756,1,0,0
59757,1,0,0
59758,1,0,0
59759,1,0,0
59760,1,0,0
59761,1,0,0
59762,1,0,0
59763,1,0,0
59764,1,0,0
59765,1,0,0
59766,1,0,0
59767,1,0,0
59768,1,0,0
59769,1,0,0
59770,1,0,0
59771,1,0,0
59772,1,0,0
59773,1,0,0
59774,1,0,0
59775,1,0,0
59776,1,0,0
59777,1,0,0
59778,1,0,0
59779,1,0,0
59780,1,0,0
59781,1,0,0
59782,1,0,0
59783,1,0,0
59784,1,0,0
59785,1,0,0
59786,1,0,0
59787,1,0,0
59788,1,0,0
59789,1,0,0
59790,1,0,0
59791,1,0,0
59792,1,0,0
59793,1,0,0
59794,1,0,0
59795,1,0,0
59796,1,0,0
59797,1,0,0
59798,1,0,0
59799,1,0,0
59800,1,0,0
59801,1,0,0
59802,1,0,0
59803,1,0,0
59804,1,0,0
59805,1,0,0
59806,1,0,0
59807,1,0,0
59808,1,0,0
59809,1,0,0
59810,1,0,0
59811,1,0,0
59812,1,0,0
59813,1,0,0
59814,1,0,0
59815,1,0,0
59816,1,0,0
59817,1,0,0
59818,1,0,0
59819,1,0,0
59820,1,0,0
59821,1,0,0
59822,1,0,0
59823,1,0,0
59824,1,0,0
59825,1,0,0
59826,1,0,0
59827,1,0,0
59828,1,0,0
59829,1,0,0
59830,1,0,0
59831,1,0,0
59832,1,0,0
59833,1,0,0
59834,1,0,0
59835,1,0,0
59836,1,0,0
59837,1,0,0
59838,1,0,0
59839,1,0,0
59840,1,0,0
59841,1,0,0
59842,1,0,0
59843,1,0,0
59844,1,0,0
59845,1,0,0
59846,1,0,0
59847,1,0,0
59848,1,0,0
59849,1,0,0
59850,1,0,0
59851,1,0,0
59852,1,0,0
59853,1,0,0
59854,1,0,0
59855,1,0,0
59856,1,0,0
59857,1,0,0
59858,1,0,0
59859,1,0,0
59860,1,0,0
59861,1,0,0
59862,1,0,0
59863,1,0,0
59864,1,0,0
59865,1,0,0
59866,1,0,0
59867,1,0,0
59868,1,0,0
59869,1,0,0
59870,1,0,0
59871,1,0,0
59872,1,0,0
59873,1,0,0
59874,1,0,0
59875,1,0,0
59876,1,0,0
59877,1,0,0
59878,1,0,0
59879,1,0,0
59880,1,0,0
59881,1,0,0
59882,1,0,0
59883,1,0,0
59884,1,0,0
59885,1,0,0
59886,1,0,0
59887,1,0,0
59888,1,0,0
59889,1,0,0
59890,1,0,0
59891,1,0,0
59892,1,0,0
59893,1,0,0
59894,1,0,0
59895,1,0,0
59896,1,0,0
59897,1,0,0
59898,1,0,0
59899,1,0,0
59900,1,0,0
59901,1,0,0
59902,1,0,0
59903,1,0,0
59904,1,0,0
59905,1,0,0
59906,1,0,0
59907,1,0,0
59908,1,0,0
59909,1,0,0
59910,1,0,0
59911,1,0,0
59912,1,0,0
59913,1,0,0
59914,1,0,0
59915,1,0,0
59916,1,0,0
59917,1,0,0
59918,1,0,0
59919,1,0,0
59920,1,0,0
59921,1,0,0
59922,1,0,0
59923,1,0,0
59924,1,0,0
59925,1,0,0
59926,1,0,0
59927,1,0,0
59928,1,0,0
59929,1,0,0
59930,1,0,0
59931,1,0,0
59932,1,0,0
59933,1,0,0
59934,1,0,0
59935,1,0,0
59936,1,0,0
59937,1,0,0
59938,1,0,0
59939,1,0,0
59940,1,0,0
59941,1,0,0
59942,1,0,0
59943,1,0,0
59944,1,0,0
59945,1,0,0
59946,1,0,0
59947,1,0,0
59948,1,0,0
59949,1,0,0
59950,1,0,0
59951,1,0,0
59952,1,0,0
59953,1,0,0
59954,1,0,0
59955,1,0,0
59956,1,0,0
59957,1,0,0
59958,1,0,0
59959,1,0,0
59960,1,0,0
59961,1,0,0
59962,1,0,0
59963,1,0,0
59964,1,0,0
59965,1,0,0
59966,1,0,0
59967,1,0,0
59968,1,0,0
59969,1,0,0
59970,1,0,0
59971,1,0,0
59972,1,0,0
59973,1,0,0
59974,1,0,0
59975,1,0,0
59976,1,0,0
59977,1,0,0
59978,1,0,0
59979,1,0,0
59980,1,0,0
59981,1,0,0
59982,1,0,0
59983,1,0,0
59984,1,0,0
59985,1,0,0
59986,1,0,0
59987,1,0,0
59988,1,0,0
59989,1,0,0
59990,1,0,0
59991,1,0,0
59992,1,0,0
59993,1,0,0
59994,1,0,0
59995,1,0,0
59996,1,0,0
59997,1,0,0
59998,1,0,0
59999,1,0,0
60000,1,0,0
60001,1,0,0
60002,1,0,0
60003,1,0,0
60004,1,0,0
60005,1,0,0
60006,1,0,0
60007,1,0,0
60008,1,0,0
60009,1,0,0
60010,1,0,0
60011,1,0,0
60012,1,0,0
60013,1,0,0
60014,1,0,0
60015,1,0,0
60016,1,0,0
60017,1,0,0
60018,1,0,0
60019,1,0,0
60020,1,0,0
60021,1,0,0
60022,1,0,0
60023,1,0,0
60024,1,0,0
60025,1,0,0
60026,1,0,0
60027,1,0,0
60028,1,0,0
60029,1,0,0
60030,1,0,0
60031,1,0,0
60032,1,0,0
60033,1,0,0
60034,1,0,0
60035,1,0,0
60036,1,0,0
60037,1,0,0
60038,1,0,0
60039,1,0,0
60040,1,0,0
60041,1,0,0
60042,1,0,0
60043,1,0,0
60044,1,0,0
60045,1,0,0
60046,1,0,0
60047,1,0,0
60048,1,0,0
60049,1,0,0
60050,1,0,0
60051,1,0,0
60052,1,0,0
60053,1,0,0
60054,1,0,0
60055,1,0,0
60056,1,0,0
60057,1,0,0
60058,1,0,0
60059,1,0,0
60060,1,0,0
60061,1,0,0
60062,1,0,0
60063,1,0,0
60064,1,0,0
60065,1,0,0
60066,1,0,0
60067,1,0,0
60068,1,0,0
60069,1,0,0
60070,1,0,0
60071,1,0,0
60072,1,0,0
60073,1,0,0
60074,1,0,0
60075,1,0,0
60076,1,0,0
60077,1,0,0
60078,1,0,0
60079,1,0,0
60080,1,0,0
60081,1,0,0
60082,1,0,0
60083,1,0,0
60084,1,0,0
60085,1,0,0
60086,1,0,0
60087,1,0,0
60088,1,0,0
60089,1,0,0
60090,1,0,0
60091,1,0,0
60092,1,0,0
60093,1,0,0
60094,1,0,0
60095,1,0,0
60096,1,0,0
60097,1,0,0
60098,1,0,0
60099,1,0,0
60100,1,0,0
60101,1,0,0
60102,1,0,0
60103,1,0,0
60104,1,0,0
60105,1,0,0
60106,1,0,0
60107,1,0,0
60108,1,0,0
60109,1,0,0
60110,1,0,0
60111,1,0,0
60112,1,0,0
60113,1,0,0
60114,1,0,0
60115,1,0,0
60116,1,0,0
60117,1,0,0
60118,1,0,0
60119,1,0,0
60120,1,0,0
60121,1,0,0
60122,1,0,0
60123,1,0,0
60124,1,0,0
60125,1,0,0
60126,1,0,0
60127,1,0,0
60128,1,0,0
60129,1,0,0
60130,1,0,0
60131,1,0,0
60132,1,0,0
60133,1,0,0
60134,1,0,0
60135,1,0,0
60136,1,0,0
60137,1,0,0
60138,1,0,0
60139,1,0,0
60140,1,0,0
60141,1,0,0
60142,1,0,0
60143,1,0,0
60144,1,0,0
60145,1,0,0
60146,1,0,0
60147,1,0,0
60148,1,0,0
60149,1,0,0
60150,1,0,0
60151,1,0,0
60152,1,0,0
60153,1,0,0
60154,1,0,0
60155,1,0,0
60156,1,0,0
60157,1,0,0
60158,1,0,0
60159,1,0,0
60160,1,0,0
60161,1,0,0
60162,1,0,0
60163,1,0,0
60164,1,0,0
60165,1,0,0
60166,1,0,0
60167,1,0,0
60168,1,0,0
60169,1,0,0
60170,1,0,0
60171,1,0,0
60172,1,0,0
60173,1,0,0
60174,1,0,0
60175,1,0,0
60176,1,0,0
60177,1,0,0
60178,1,0,0
60179,1,0,0
60180,1,0,0
60181,1,0,0
60182,1,0,0
60183,1,0,0
60184,1,0,0
60185,1,0,0
60186,1,0,0
60187,1,0,0
60188,1,0,0
60189,1,0,0
60190,1,0,0
60191,1,0,0
60192,1,0,0
60193,1,0,0
60194,1,0,0
60195,1,0,0
60196,1,0,0
60197,1,0,0
60198,1,0,0
60199,1,0,0
60200,1,0,0
60201,1,0,0
60202,1,0,0
60203,1,0,0
60204,1,0,0
60205,1,0,0
60206,1,0,0
60207,1,0,0
60208,1,0,0
60209,1,0,0
60210,1,0,0
60211,1,0,0
60212,1,0,0
60213,1,0,0
60214,1,0,0
60215,1,0,0
60216,1,0,0
60217,1,0,0
60218,1,0,0
60219,1,0,0
60220,1,0,0
60221,1,0,0
60222,1,0,0
60223,1,0,0
60224,1,0,0
60225,1,0,0
60226,1,0,0
60227,1,0,0
60228,1,0,0
60229,1,0,0
60230,1,0,0
60231,1,0,0
60232,1,0,0
60233,1,0,0
60234,1,0,0
60235,1,0,0
60236,1,0,0
60237,1,0,0
60238,1,0,0
60239,1,0,0
60240,1,0,0
60241,1,0,0
60242,1,0,0
60243,1,0,0
60244,1,0,0
60245,1,0,0
60246,1,0,0
60247,1,0,0
60248,1,0,0
60249,1,0,0
60250,1,0,0
60251,1,0,0
60252,1,0,0
60253,1,0,0
60254,1,0,0
60255,1,0,0
60256,1,0,0
60257,1,0,0
60258,1,0,0
60259,1,0,0
60260,1,0,0
60261,1,0,0
60262,1,0,0
60263,1,0,0
60264,1,0,0
60265,1,0,0
60266,1,0,0
60267,1,0,0
60268,1,0,0
60269,1,0,0
60270,1,0,0
60271,1,0,0
60272,1,0,0
60273,1,0,0
60274,1,0,0
60275,1,0,0
60276,1,0,0
60277,1,0,0
60278,1,0,0
60279,1,0,0
60280,1,0,0
60281,1,0,0
60282,1,0,0
60283,1,0,0
60284,1,0,0
60285,1,0,0
60286,1,0,0
60287,1,0,0
60288,1,0,0
60289,1,0,0
60290,1,0,0
60291,1,0,0
60292,1,0,0
60293,1,0,0
60294,1,0,0
60295,1,0,0
60296,1,0,0
60297,1,0,0
60298,1,0,0
60299,1,0,0
60300,1,0,0
60301,1,0,0
60302,1,0,0
60303,1,0,0
60304,1,0,0
60305,1,0,0
60306,1,0,0
60307,1,0,0
60308,1,0,0
60309,1,0,0
60310,1,0,0
60311,1,0,0
60312,1,0,0
60313,1,0,0
60314,1,0,0
60315,1,0,0
60316,1,0,0
60317,1,0,0
60318,1,0,0
60319,1,0,0
60320,1,0,0
60321,1,0,0
60322,1,0,0
60323,1,0,0
60324,1,0,0
60325,1,0,0
60326,1,0,0
60327,1,0,0
60328,1,0,0
60329,1,0,0
60330,1,0,0
60331,1,0,0
60332,1,0,0
60333,1,0,0
60334,1,0,0
60335,1,0,0
60336,1,0,0
60337,1,0,0
60338,1,0,0
60339,1,0,0
60340,1,0,0
60341,1,0,0
60342,1,0,0
60343,1,0,0
60344,1,0,0
60345,1,0,0
60346,1,0,0
60347,1,0,0
60348,1,0,0
60349,1,0,0
60350,1,0,0
60351,1,0,0
60352,1,0,0
60353,1,0,0
60354,1,0,0
60355,1,0,0
60356,1,0,0
60357,1,0,0
60358,1,0,0
60359,1,0,0
60360,1,0,0
60361,1,0,0
60362,1,0,0
60363,1,0,0
60364,1,0,0
60365,1,0,0
60366,1,0,0
60367,1,0,0
60368,1,0,0
60369,1,0,0
60370,1,0,0
60371,1,0,0
60372,1,0,0
60373,1,0,0
60374,1,0,0
60375,1,0,0
60376,1,0,0
60377,1,0,0
60378,1,0,0
60379,1,0,0
60380,1,0,0
60381,1,0,0
60382,1,0,0
60383,1,0,0
60384,1,0,0
60385,1,0,0
60386,1,0,0
60387,1,0,0
60388,1,0,0
60389,1,0,0
60390,1,0,0
60391,1,0,0
60392,1,0,0
60393,1,0,0
60394,1,0,0
60395,1,0,0
60396,1,0,0
60397,1,0,0
60398,1,0,0
60399,1,0,0
60400,1,0,0
60401,1,0,0
60402,1,0,0
60403,1,0,0
60404,1,0,0
60405,1,0,0
60406,1,0,0
60407,1,0,0
60408,1,0,0
60409,1,0,0
60410,1,0,0
60411,1,0,0
60412,1,0,0
60413,1,0,0
60414,1,0,0
60415,1,0,0
60416,1,0,0
60417,1,0,0
60418,1,0,0
60419,1,0,0
60420,1,0,0
60421,1,0,0
60422,1,0,0
60423,1,0,0
60424,1,0,0
60425,1,0,0
60426,1,0,0
60427,1,0,0
60428,1,0,0
60429,1,0,0
60430,1,0,0
60431,1,0,0
60432,1,0,0
60433,1,0,0
60434,1,0,0
60435,1,0,0
60436,1,0,0
60437,1,0,0
60438,1,0,0
60439,1,0,0
60440,1,0,0
60441,1,0,0
60442,1,0,0
60443,1,0,0
60444,1,0,0
60445,1,0,0
60446,1,0,0
60447,1,0,0
60448,1,0,0
60449,1,0,0
60450,1,0,0
60451,1,0,0
60452,1,0,0
60453,1,0,0
60454,1,0,0
60455,1,0,0
60456,1,0,0
60457,1,0,0
60458,1,0,0
60459,1,0,0
60460,1,0,0
60461,1,0,0
60462,1,0,0
60463,1,0,0
60464,1,0,0
60465,1,0,0
60466,1,0,0
60467,1,0,0
60468,1,0,0
60469,1,0,0
60470,1,0,0
60471,1,0,0
60472,1,0,0
60473,1,0,0
60474,1,0,0
60475,1,0,0
60476,1,0,0
60477,1,0,0
60478,1,0,0
60479,1,0,0
60480,1,0,0
60481,1,0,0
60482,1,0,0
60483,1,0,0
60484,1,0,0
60485,1,0,0
60486,1,0,0
60487,1,0,0
60488,1,0,0
60489,1,0,0
60490,1,0,0
60491,1,0,0
60492,1,0,0
60493,1,0,0
60494,1,0,0
60495,1,0,0
60496,1,0,0
60497,1,0,0
60498,1,0,0
60499,1,0,0
60500,1,0,0
60501,1,0,0
60502,1,0,0
60503,1,0,0
60504,1,0,0
60505,1,0,0
60506,1,0,0
60507,1,0,0
60508,1,0,0
60509,1,0,0
60510,1,0,0
60511,1,0,0
60512,1,0,0
60513,1,0,0
60514,1,0,0
60515,1,0,0
60516,1,0,0
60517,1,0,0
60518,1,0,0
60519,1,0,0
60520,1,0,0
60521,1,0,0
60522,1,0,0
60523,1,0,0
60524,1,0,0
60525,1,0,0
60526,1,0,0
60527,1,0,0
60528,1,0,0
60529,1,0,0
60530,1,0,0
60531,1,0,0
60532,1,0,0
60533,1,0,0
60534,1,0,0
60535,1,0,0
60536,1,0,0
60537,1,0,0
60538,1,0,0
60539,1,0,0
60540,1,0,0
60541,1,0,0
60542,1,0,0
60543,1,0,0
60544,1,0,0
60545,1,0,0
60546,1,0,0
60547,1,0,0
60548,1,0,0
60549,1,0,0
60550,1,0,0
60551,1,0,0
60552,1,0,0
60553,1,0,0
60554,1,0,0
60555,1,0,0
60556,1,0,0
60557,1,0,0
60558,1,0,0
60559,1,0,0
60560,1,0,0
60561,1,0,0
60562,1,0,0
60563,1,0,0
60564,1,0,0
60565,1,0,0
60566,1,0,0
60567,1,0,0
60568,1,0,0
60569,1,0,0
60570,1,0,0
60571,1,0,0
60572,1,0,0
60573,1,0,0
60574,1,0,0
60575,1,0,0
60576,1,0,0
60577,1,0,0
60578,1,0,0
60579,1,0,0
60580,1,0,0
60581,1,0,0
60582,1,0,0
60583,1,0,0
60584,1,0,0
60585,1,0,0
60586,1,0,0
60587,1,0,0
60588,1,0,0
60589,1,0,0
60590,1,0,0
60591,1,0,0
60592,1,0,0
60593,1,0,0
60594,1,0,0
60595,1,0,0
60596,1,0,0
60597,1,0,0
60598,1,0,0
60599,1,0,0
60600,1,0,0
60601,1,0,0
60602,1,0,0
60603,1,0,0
60604,1,0,0
60605,1,0,0
60606,1,0,0
60607,1,0,0
60608,1,0,0
60609,1,0,0
60610,1,0,0
60611,1,0,0
60612,1,0,0
60613,1,0,0
60614,1,0,0
60615,1,0,0
60616,1,0,0
60617,1,0,0
60618,1,0,0
60619,1,0,0
60620,1,0,0
60621,1,0,0
60622,1,0,0
60623,1,0,0
60624,1,0,0
60625,1,0,0
60626,1,0,0
60627,1,0,0
60628,1,0,0
60629,1,0,0
60630,1,0,0
60631,1,0,0
60632,1,0,0
60633,1,0,0
60634,1,0,0
60635,1,0,0
60636,1,0,0
60637,1,0,0
60638,1,0,0
60639,1,0,0
60640,1,0,0
60641,1,0,0
60642,1,0,0
60643,1,0,0
60644,1,0,0
60645,1,0,0
60646,1,0,0
60647,1,0,0
60648,1,0,0
60649,1,0,0
60650,1,0,0
60651,1,0,0
60652,1,0,0
60653,1,0,0
60654,1,0,0
60655,1,0,0
60656,1,0,0
60657,1,0,0
60658,1,0,0
60659,1,0,0
60660,1,0,0
60661,1,0,0
60662,1,0,0
60663,1,0,0
60664,1,0,0
60665,1,0,0
60666,1,0,0
60667,1,0,0
60668,1,0,0
60669,1,0,0
60670,1,0,0
60671,1,0,0
60672,1,0,0
60673,1,0,0
60674,1,0,0
60675,1,0,0
60676,1,0,0
60677,1,0,0
60678,1,0,0
60679,1,0,0
60680,1,0,0
60681,1,0,0
60682,1,0,0
60683,1,0,0
60684,1,0,0
60685,1,0,0
60686,1,0,0
60687,1,0,0
60688,1,0,0
60689,1,0,0
60690,1,0,0
60691,1,0,0
60692,1,0,0
60693,1,0,0
60694,1,0,0
60695,1,0,0
60696,1,0,0
60697,1,0,0
60698,1,0,0
60699,1,0,0
60700,1,0,0
60701,1,0,0
60702,1,0,0
60703,1,0,0
60704,1,0,0
60705,1,0,0
60706,1,0,0
60707,1,0,0
60708,1,0,0
60709,1,0,0
60710,1,0,0
60711,1,0,0
60712,1,0,0
60713,1,0,0
60714,1,0,0
60715,1,0,0
60716,1,0,0
60717,1,0,0
60718,1,0,0
60719,1,0,0
60720,1,0,0
60721,1,0,0
60722,1,0,0
60723,1,0,0
60724,1,0,0
60725,1,0,0
60726,1,0,0
60727,1,0,0
60728,1,0,0
60729,1,0,0
60730,1,0,0
60731,1,0,0
60732,1,0,0
60733,1,0,0
60734,1,0,0
60735,1,0,0
60736,1,0,0
60737,1,0,0
60738,1,0,0
60739,1,0,0
60740,1,0,0
60741,1,0,0
60742,1,0,0
60743,1,0,0
60744,1,0,0
60745,1,0,0
60746,1,0,0
60747,1,0,0
60748,1,0,0
60749,1,0,0
60750,1,0,0
60751,1,0,0
60752,1,0,0
60753,1,0,0
60754,1,0,0
60755,1,0,0
60756,1,0,0
60757,1,0,0
60758,1,0,0
60759,1,0,0
60760,1,0,0
60761,1,0,0
60762,1,0,0
60763,1,0,0
60764,1,0,0
60765,1,0,0
60766,1,0,0
60767,1,0,0
60768,1,0,0
60769,1,0,0
60770,1,0,0
60771,1,0,0
60772,1,0,0
60773,1,0,0
60774,1,0,0
60775,1,0,0
60776,1,0,0
60777,1,0,0
60778,1,0,0
60779,1,0,0
60780,1,0,0
60781,1,0,0
60782,1,0,0
60783,1,0,0
60784,1,0,0
60785,1,0,0
60786,1,0,0
60787,1,0,0
60788,1,0,0
60789,1,0,0
60790,1,0,0
60791,1,0,0
60792,1,0,0
60793,1,0,0
60794,1,0,0
60795,1,0,0
60796,1,0,0
60797,1,0,0
60798,1,0,0
60799,1,0,0
60800,1,0,0
60801,1,0,0
60802,1,0,0
60803,1,0,0
60804,1,0,0
60805,1,0,0
60806,1,0,0
60807,1,0,0
60808,1,0,0
60809,1,0,0
60810,1,0,0
60811,1,0,0
60812,1,0,0
60813,1,0,0
60814,1,0,0
60815,1,0,0
60816,1,0,0
60817,1,0,0
60818,1,0,0
60819,1,0,0
60820,1,0,0
60821,1,0,0
60822,1,0,0
60823,1,0,0
60824,1,0,0
60825,1,0,0
60826,1,0,0
60827,1,0,0
60828,1,0,0
60829,1,0,0
60830,1,0,0
60831,1,0,0
60832,1,0,0
60833,1,0,0
60834,1,0,0
60835,1,0,0
60836,1,0,0
60837,1,0,0
60838,1,0,0
60839,1,0,0
60840,1,0,0
60841,1,0,0
60842,1,0,0
60843,1,0,0
60844,1,0,0
60845,1,0,0
60846,1,0,0
60847,1,0,0
60848,1,0,0
60849,1,0,0
60850,1,0,0
60851,1,0,0
60852,1,0,0
60853,1,0,0
60854,1,0,0
60855,1,0,0
60856,1,0,0
60857,1,0,0
60858,1,0,0
60859,1,0,0
60860,1,0,0
60861,1,0,0
60862,1,0,0
60863,1,0,0
60864,1,0,0
60865,1,0,0
60866,1,0,0
60867,1,0,0
60868,1,0,0
60869,1,0,0
60870,1,0,0
60871,1,0,0
60872,1,0,0
60873,1,0,0
60874,1,0,0
60875,1,0,0
60876,1,0,0
60877,1,0,0
60878,1,0,0
60879,1,0,0
60880,1,0,0
60881,1,0,0
60882,1,0,0
60883,1,0,0
60884,1,0,0
60885,1,0,0
60886,1,0,0
60887,1,0,0
60888,1,0,0
60889,1,0,0
60890,1,0,0
60891,1,0,0
60892,1,0,0
60893,1,0,0
60894,1,0,0
60895,1,0,0
60896,1,0,0
60897,1,0,0
60898,1,0,0
60899,1,0,0
60900,1,0,0
60901,1,0,0
60902,1,0,0
60903,1,0,0
60904,1,0,0
60905,1,0,0
60906,1,0,0
60907,1,0,0
60908,1,0,0
60909,1,0,0
60910,1,0,0
60911,1,0,0
60912,1,0,0
60913,1,0,0
60914,1,0,0
60915,1,0,0
60916,1,0,0
60917,1,0,0
60918,1,0,0
60919,1,0,0
60920,1,0,0
60921,1,0,0
60922,1,0,0
60923,1,0,0
60924,1,0,0
60925,1,0,0
60926,1,0,0
60927,1,0,0
60928,1,0,0
60929,1,0,0
60930,1,0,0
60931,1,0,0
60932,1,0,0
60933,1,0,0
60934,1,0,0
60935,1,0,0
60936,1,0,0
60937,1,0,0
60938,1,0,0
60939,1,0,0
60940,1,0,0
60941,1,0,0
60942,1,0,0
60943,1,0,0
60944,1,0,0
60945,1,0,0
60946,1,0,0
60947,1,0,0
60948,1,0,0
60949,1,0,0
60950,1,0,0
60951,1,0,0
60952,1,0,0
60953,1,0,0
60954,1,0,0
60955,1,0,0
60956,1,0,0
60957,1,0,0
60958,1,0,0
60959,1,0,0
60960,1,0,0
60961,1,0,0
60962,1,0,0
60963,1,0,0
60964,1,0,0
60965,1,0,0
60966,1,0,0
60967,1,0,0
60968,1,0,0
60969,1,0,0
60970,1,0,0
60971,1,0,0
60972,1,0,0
60973,1,0,0
60974,1,0,0
60975,1,0,0
60976,1,0,0
60977,1,0,0
60978,1,0,0
60979,1,0,0
60980,1,0,0
60981,1,0,0
60982,1,0,0
60983,1,0,0
60984,1,0,0
60985,1,0,0
60986,1,0,0
60987,1,0,0
60988,1,0,0
60989,1,0,0
60990,1,0,0
60991,1,0,0
60992,1,0,0
60993,1,0,0
60994,1,0,0
60995,1,0,0
60996,1,0,0
60997,1,0,0
60998,1,0,0
60999,1,0,0
61000,1,0,0
61001,1,0,0
61002,1,0,0
61003,1,0,0
61004,1,0,0
61005,1,0,0
61006,1,0,0
61007,1,0,0
61008,1,0,0
61009,1,0,0
61010,1,0,0
61011,1,0,0
61012,1,0,0
61013,1,0,0
61014,1,0,0
61015,1,0,0
61016,1,0,0
61017,1,0,0
61018,1,0,0
61019,1,0,0
61020,1,0,0
61021,1,0,0
61022,1,0,0
61023,1,0,0
61024,1,0,0
61025,1,0,0
61026,1,0,0
61027,1,0,0
61028,1,0,0
61029,1,0,0
61030,1,0,0
61031,1,0,0
61032,1,0,0
61033,1,0,0
61034,1,0,0
61035,1,0,0
61036,1,0,0
61037,1,0,0
61038,1,0,0
61039,1,0,0
61040,1,0,0
61041,1,0,0
61042,1,0,0
61043,1,0,0
61044,1,0,0
61045,1,0,0
61046,1,0,0
61047,1,0,0
61048,1,0,0
61049,1,0,0
61050,1,0,0
61051,1,0,0
61052,1,0,0
61053,1,0,0
61054,1,0,0
61055,1,0,0
61056,1,0,0
61057,1,0,0
61058,1,0,0
61059,1,0,0
61060,1,0,0
61061,1,0,0
61062,1,0,0
61063,1,0,0
61064,1,0,0
61065,1,0,0
61066,1,0,0
61067,1,0,0
61068,1,0,0
61069,1,0,0
61070,1,0,0
61071,1,0,0
61072,1,0,0
61073,1,0,0
61074,1,0,0
61075,1,0,0
61076,1,0,0
61077,1,0,0
61078,1,0,0
61079,1,0,0
61080,1,0,0
61081,1,0,0
61082,1,0,0
61083,1,0,0
61084,1,0,0
61085,1,0,0
61086,1,0,0
61087,1,0,0
61088,1,0,0
61089,1,0,0
61090,1,0,0
61091,1,0,0
61092,1,0,0
61093,1,0,0
61094,1,0,0
61095,1,0,0
61096,1,0,0
61097,1,0,0
61098,1,0,0
61099,1,0,0
61100,1,0,0
61101,1,0,0
61102,1,0,0
61103,1,0,0
61104,1,0,0
61105,1,0,0
61106,1,0,0
61107,1,0,0
61108,1,0,0
61109,1,0,0
61110,1,0,0
61111,1,0,0
61112,1,0,0
61113,1,0,0
61114,1,0,0
61115,1,0,0
61116,1,0,0
61117,1,0,0
61118,1,0,0
61119,1,0,0
61120,1,0,0
61121,1,0,0
61122,1,0,0
61123,1,0,0
61124,1,0,0
61125,1,0,0
61126,1,0,0
61127,1,0,0
61128,1,0,0
61129,1,0,0
61130,1,0,0
61131,1,0,0
61132,1,0,0
61133,1,0,0
61134,1,0,0
61135,1,0,0
61136,1,0,0
61137,1,0,0
61138,1,0,0
61139,1,0,0
61140,1,0,0
61141,1,0,0
61142,1,0,0
61143,1,0,0
61144,1,0,0
61145,1,0,0
61146,1,0,0
61147,1,0,0
61148,1,0,0
61149,1,0,0
61150,1,0,0
61151,1,0,0
61152,1,0,0
61153,1,0,0
61154,1,0,0
61155,1,0,0
61156,1,0,0
61157,1,0,0
61158,1,0,0
61159,1,0,0
61160,1,0,0
61161,1,0,0
61162,1,0,0
61163,1,0,0
61164,1,0,0
61165,1,0,0
61166,1,0,0
61167,1,0,0
61168,1,0,0
61169,1,0,0
61170,1,0,0
61171,1,0,0
61172,1,0,0
61173,1,0,0
61174,1,0,0
61175,1,0,0
61176,1,0,0
61177,1,0,0
61178,1,0,0
61179,1,0,0
61180,1,0,0
61181,1,0,0
61182,1,0,0
61183,1,0,0
61184,1,0,0
61185,1,0,0
61186,1,0,0
61187,1,0,0
61188,1,0,0
61189,1,0,0
61190,1,0,0
61191,1,0,0
61192,1,0,0
61193,1,0,0
61194,1,0,0
61195,1,0,0
61196,1,0,0
61197,1,0,0
61198,1,0,0
61199,1,0,0
61200,1,0,0
61201,1,0,0
61202,1,0,0
61203,1,0,0
61204,1,0,0
61205,1,0,0
61206,1,0,0
61207,1,0,0
61208,1,0,0
61209,1,0,0
61210,1,0,0
61211,1,0,0
61212,1,0,0
61213,1,0,0
61214,1,0,0
61215,1,0,0
61216,1,0,0
61217,1,0,0
61218,1,0,0
61219,1,0,0
61220,1,0,0
61221,1,0,0
61222,1,0,0
61223,1,0,0
61224,1,0,0
61225,1,0,0
61226,1,0,0
61227,1,0,0
61228,1,0,0
61229,1,0,0
61230,1,0,0
61231,1,0,0
61232,1,0,0
61233,1,0,0
61234,1,0,0
61235,1,0,0
61236,1,0,0
61237,1,0,0
61238,1,0,0
61239,1,0,0
61240,1,0,0
61241,1,0,0
61242,1,0,0
61243,1,0,0
61244,1,0,0
61245,1,0,0
61246,1,0,0
61247,1,0,0
61248,1,0,0
61249,1,0,0
61250,1,0,0
61251,1,0,0
61252,1,0,0
61253,1,0,0
61254,1,0,0
61255,1,0,0
61256,1,0,0
61257,1,0,0
61258,1,0,0
61259,1,0,0
61260,1,0,0
61261,1,0,0
61262,1,0,0
61263,1,0,0
61264,1,0,0
61265,1,0,0
61266,1,0,0
61267,1,0,0
61268,1,0,0
61269,1,0,0
61270,1,0,0
61271,1,0,0
61272,1,0,0
61273,1,0,0
61274,1,0,0
61275,1,0,0
61276,1,0,0
61277,1,0,0
61278,1,0,0
61279,1,0,0
61280,1,0,0
61281,1,0,0
61282,1,0,0
61283,1,0,0
61284,1,0,0
61285,1,0,0
61286,1,0,0
61287,1,0,0
61288,1,0,0
61289,1,0,0
61290,1,0,0
61291,1,0,0
61292,1,0,0
61293,1,0,0
61294,1,0,0
61295,1,0,0
61296,1,0,0
61297,1,0,0
61298,1,0,0
61299,1,0,0
61300,1,0,0
61301,1,0,0
61302,1,0,0
61303,1,0,0
61304,1,0,0
61305,1,0,0
61306,1,0,0
61307,1,0,0
61308,1,0,0
61309,1,0,0
61310,1,0,0
61311,1,0,0
61312,1,0,0
61313,1,0,0
61314,1,0,0
61315,1,0,0
61316,1,0,0
61317,1,0,0
61318,1,0,0
61319,1,0,0
61320,1,0,0
61321,1,0,0
61322,1,0,0
61323,1,0,0
61324,1,0,0
61325,1,0,0
61326,1,0,0
61327,1,0,0
61328,1,0,0
61329,1,0,0
61330,1,0,0
61331,1,0,0
61332,1,0,0
61333,1,0,0
61334,1,0,0
61335,1,0,0
61336,1,0,0
61337,1,0,0
61338,1,0,0
61339,1,0,0
61340,1,0,0
61341,1,0,0
61342,1,0,0
61343,1,0,0
61344,1,0,0
61345,1,0,0
61346,1,0,0
61347,1,0,0
61348,1,0,0
61349,1,0,0
61350,1,0,0
61351,1,0,0
61352,1,0,0
61353,1,0,0
61354,1,0,0
61355,1,0,0
61356,1,0,0
61357,1,0,0
61358,1,0,0
61359,1,0,0
61360,1,0,0
61361,1,0,0
61362,1,0,0
61363,1,0,0
61364,1,0,0
61365,1,0,0
61366,1,0,0
61367,1,0,0
61368,1,0,0
61369,1,0,0
61370,1,0,0
61371,1,0,0
61372,1,0,0
61373,1,0,0
61374,1,0,0
61375,1,0,0
61376,1,0,0
61377,1,0,0
61378,1,0,0
61379,1,0,0
61380,1,0,0
61381,1,0,0
61382,1,0,0
61383,1,0,0
61384,1,0,0
61385,1,0,0
61386,1,0,0
61387,1,0,0
61388,1,0,0
61389,1,0,0
61390,1,0,0
61391,1,0,0
61392,1,0,0
61393,1,0,0
61394,1,0,0
61395,1,0,0
61396,1,0,0
61397,1,0,0
61398,1,0,0
61399,1,0,0
61400,1,0,0
61401,1,0,0
61402,1,0,0
61403,1,0,0
61404,1,0,0
61405,1,0,0
61406,1,0,0
61407,1,0,0
61408,1,0,0
61409,1,0,0
61410,1,0,0
61411,1,0,0
61412,1,0,0
61413,1,0,0
61414,1,0,0
61415,1,0,0
61416,1,0,0
61417,1,0,0
61418,1,0,0
61419,1,0,0
61420,1,0,0
61421,1,0,0
61422,1,0,0
61423,1,0,0
61424,1,0,0
61425,1,0,0
61426,1,0,0
61427,1,0,0
61428,1,0,0
61429,1,0,0
61430,1,0,0
61431,1,0,0
61432,1,0,0
61433,1,0,0
61434,1,0,0
61435,1,0,0
61436,1,0,0
61437,1,0,0
61438,1,0,0
61439,1,0,0
61440,1,0,0
61441,1,0,0
61442,1,0,0
61443,1,0,0
61444,1,0,0
61445,1,0,0
61446,1,0,0
61447,1,0,0
61448,1,0,0
61449,1,0,0
61450,1,0,0
61451,1,0,0
61452,1,0,0
61453,1,0,0
61454,1,0,0
61455,1,0,0
61456,1,0,0
61457,1,0,0
61458,1,0,0
61459,1,0,0
61460,1,0,0
61461,1,0,0
61462,1,0,0
61463,1,0,0
61464,1,0,0
61465,1,0,0
61466,1,0,0
61467,1,0,0
61468,1,0,0
61469,1,0,0
61470,1,0,0
61471,1,0,0
61472,1,0,0
61473,1,0,0
61474,1,0,0
61475,1,0,0
61476,1,0,0
61477,1,0,0
61478,1,0,0
61479,1,0,0
61480,1,0,0
61481,1,0,0
61482,1,0,0
61483,1,0,0
61484,1,0,0
61485,1,0,0
61486,1,0,0
61487,1,0,0
61488,1,0,0
61489,1,0,0
61490,1,0,0
61491,1,0,0
61492,1,0,0
61493,1,0,0
61494,1,0,0
61495,1,0,0
61496,1,0,0
61497,1,0,0
61498,1,0,0
61499,1,0,0
61500,1,0,0
61501,1,0,0
61502,1,0,0
61503,1,0,0
61504,1,0,0
61505,1,0,0
61506,1,0,0
61507,1,0,0
61508,1,0,0
61509,1,0,0
61510,1,0,0
61511,1,0,0
61512,1,0,0
61513,1,0,0
61514,1,0,0
61515,1,0,0
61516,1,0,0
61517,1,0,0
61518,1,0,0
61519,1,0,0
61520,1,0,0
61521,1,0,0
61522,1,0,0
61523,1,0,0
61524,1,0,0
61525,1,0,0
61526,1,0,0
61527,1,0,0
61528,1,0,0
61529,1,0,0
61530,1,0,0
61531,1,0,0
61532,1,0,0
61533,1,0,0
61534,1,0,0
61535,1,0,0
61536,1,0,0
61537,1,0,0
61538,1,0,0
61539,1,0,0
61540,1,0,0
61541,1,0,0
61542,1,0,0
61543,1,0,0
61544,1,0,0
61545,1,0,0
61546,1,0,0
61547,1,0,0
61548,1,0,0
61549,1,0,0
61550,1,0,0
61551,1,0,0
61552,1,0,0
61553,1,0,0
61554,1,0,0
61555,1,0,0
61556,1,0,0
61557,1,0,0
61558,1,0,0
61559,1,0,0
61560,1,0,0
61561,1,0,0
61562,1,0,0
61563,1,0,0
61564,1,0,0
61565,1,0,0
61566,1,0,0
61567,1,0,0
61568,1,0,0
61569,1,0,0
61570,1,0,0
61571,1,0,0
61572,1,0,0
61573,1,0,0
61574,1,0,0
61575,1,0,0
61576,1,0,0
61577,1,0,0
61578,1,0,0
61579,1,0,0
61580,1,0,0
61581,1,0,0
61582,1,0,0
61583,1,0,0
61584,1,0,0
61585,1,0,0
61586,1,0,0
61587,1,0,0
61588,1,0,0
61589,1,0,0
61590,1,0,0
61591,1,0,0
61592,1,0,0
61593,1,0,0
61594,1,0,0
61595,1,0,0
61596,1,0,0
61597,1,0,0
61598,1,0,0
61599,1,0,0
61600,1,0,0
61601,1,0,0
61602,1,0,0
61603,1,0,0
61604,1,0,0
61605,1,0,0
61606,1,0,0
61607,1,0,0
61608,1,0,0
61609,1,0,0
61610,1,0,0
61611,1,0,0
61612,1,0,0
61613,1,0,0
61614,1,0,0
61615,1,0,0
61616,1,0,0
61617,1,0,0
61618,1,0,0
61619,1,0,0
61620,1,0,0
61621,1,0,0
61622,1,0,0
61623,1,0,0
61624,1,0,0
61625,1,0,0
61626,1,0,0
61627,1,0,0
61628,1,0,0
61629,1,0,0
61630,1,0,0
61631,1,0,0
61632,1,0,0
61633,1,0,0
61634,1,0,0
61635,1,0,0
61636,1,0,0
61637,1,0,0
61638,1,0,0
61639,1,0,0
61640,1,0,0
61641,1,0,0
61642,1,0,0
61643,1,0,0
61644,1,0,0
61645,1,0,0
61646,1,0,0
61647,1,0,0
61648,1,0,0
61649,1,0,0
61650,1,0,0
61651,1,0,0
61652,1,0,0
61653,1,0,0
61654,1,0,0
61655,1,0,0
61656,1,0,0
61657,1,0,0
61658,1,0,0
61659,1,0,0
61660,1,0,0
61661,1,0,0
61662,1,0,0
61663,1,0,0
61664,1,0,0
61665,1,0,0
61666,1,0,0
61667,1,0,0
61668,1,0,0
61669,1,0,0
61670,1,0,0
61671,1,0,0
61672,1,0,0
61673,1,0,0
61674,1,0,0
61675,1,0,0
61676,1,0,0
61677,1,0,0
61678,1,0,0
61679,1,0,0
61680,1,0,0
61681,1,0,0
61682,1,0,0
61683,1,0,0
61684,1,0,0
61685,1,0,0
61686,1,0,0
61687,1,0,0
61688,1,0,0
61689,1,0,0
61690,1,0,0
61691,1,0,0
61692,1,0,0
61693,1,0,0
61694,1,0,0
61695,1,0,0
61696,1,0,0
61697,1,0,0
61698,1,0,0
61699,1,0,0
61700,1,0,0
61701,1,0,0
61702,1,0,0
61703,1,0,0
61704,1,0,0
61705,1,0,0
61706,1,0,0
61707,1,0,0
61708,1,0,0
61709,1,0,0
61710,1,0,0
61711,1,0,0
61712,1,0,0
61713,1,0,0
61714,1,0,0
61715,1,0,0
61716,1,0,0
61717,1,0,0
61718,1,0,0
61719,1,0,0
61720,1,0,0
61721,1,0,0
61722,1,0,0
61723,1,0,0
61724,1,0,0
61725,1,0,0
61726,1,0,0
61727,1,0,0
61728,1,0,0
61729,1,0,0
61730,1,0,0
61731,1,0,0
61732,1,0,0
61733,1,0,0
61734,1,0,0
61735,1,0,0
61736,1,0,0
61737,1,0,0
61738,1,0,0
61739,1,0,0
61740,1,0,0
61741,1,0,0
61742,1,0,0
61743,1,0,0
61744,1,0,0
61745,1,0,0
61746,1,0,0
61747,1,0,0
61748,1,0,0
61749,1,0,0
61750,1,0,0
61751,1,0,0
61752,1,0,0
61753,1,0,0
61754,1,0,0
61755,1,0,0
61756,1,0,0
61757,1,0,0
61758,1,0,0
61759,1,0,0
61760,1,0,0
61761,1,0,0
61762,1,0,0
61763,1,0,0
61764,1,0,0
61765,1,0,0
61766,1,0,0
61767,1,0,0
61768,1,0,0
61769,1,0,0
61770,1,0,0
61771,1,0,0
61772,1,0,0
61773,1,0,0
61774,1,0,0
61775,1,0,0
61776,1,0,0
61777,1,0,0
61778,1,0,0
61779,1,0,0
61780,1,0,0
61781,1,0,0
61782,1,0,0
61783,1,0,0
61784,1,0,0
61785,1,0,0
61786,1,0,0
61787,1,0,0
61788,1,0,0
61789,1,0,0
61790,1,0,0
61791,1,0,0
61792,1,0,0
61793,1,0,0
61794,1,0,0
61795,1,0,0
61796,1,0,0
61797,1,0,0
61798,1,0,0
61799,1,0,0
61800,1,0,0
61801,1,0,0
61802,1,0,0
61803,1,0,0
61804,1,0,0
61805,1,0,0
61806,1,0,0
61807,1,0,0
61808,1,0,0
61809,1,0,0
61810,1,0,0
61811,1,0,0
61812,1,0,0
61813,1,0,0
61814,1,0,0
61815,1,0,0
61816,1,0,0
61817,1,0,0
61818,1,0,0
61819,1,0,0
61820,1,0,0
61821,1,0,0
61822,1,0,0
61823,1,0,0
61824,1,0,0
61825,1,0,0
61826,1,0,0
61827,1,0,0
61828,1,0,0
61829,1,0,0
61830,1,0,0
61831,1,0,0
61832,1,0,0
61833,1,0,0
61834,1,0,0
61835,1,0,0
61836,1,0,0
61837,1,0,0
61838,1,0,0
61839,1,0,0
61840,1,0,0
61841,1,0,0
61842,1,0,0
61843,1,0,0
61844,1,0,0
61845,1,0,0
61846,1,0,0
61847,1,0,0
61848,1,0,0
61849,1,0,0
61850,1,0,0
61851,1,0,0
61852,1,0,0
61853,1,0,0
61854,1,0,0
61855,1,0,0
61856,1,0,0
61857,1,0,0
61858,1,0,0
61859,1,0,0
61860,1,0,0
61861,1,0,0
61862,1,0,0
61863,1,0,0
61864,1,0,0
61865,1,0,0
61866,1,0,0
61867,1,0,0
61868,1,0,0
61869,1,0,0
61870,1,0,0
61871,1,0,0
61872,1,0,0
61873,1,0,0
61874,1,0,0
61875,1,0,0
61876,1,0,0
61877,1,0,0
61878,1,0,0
61879,1,0,0
61880,1,0,0
61881,1,0,0
61882,1,0,0
61883,1,0,0
61884,1,0,0
61885,1,0,0
61886,1,0,0
61887,1,0,0
61888,1,0,0
61889,1,0,0
61890,1,0,0
61891,1,0,0
61892,1,0,0
61893,1,0,0
61894,1,0,0
61895,1,0,0
61896,1,0,0
61897,1,0,0
61898,1,0,0
61899,1,0,0
61900,1,0,0
61901,1,0,0
61902,1,0,0
61903,1,0,0
61904,1,0,0
61905,1,0,0
61906,1,0,0
61907,1,0,0
61908,1,0,0
61909,1,0,0
61910,1,0,0
61911,1,0,0
61912,1,0,0
61913,1,0,0
61914,1,0,0
61915,1,0,0
61916,1,0,0
61917,1,0,0
61918,1,0,0
61919,1,0,0
61920,1,0,0
61921,1,0,0
61922,1,0,0
61923,1,0,0
61924,1,0,0
61925,1,0,0
61926,1,0,0
61927,1,0,0
61928,1,0,0
61929,1,0,0
61930,1,0,0
61931,1,0,0
61932,1,0,0
61933,1,0,0
61934,1,0,0
61935,1,0,0
61936,1,0,0
61937,1,0,0
61938,1,0,0
61939,1,0,0
61940,1,0,0
61941,1,0,0
61942,1,0,0
61943,1,0,0
61944,1,0,0
61945,1,0,0
61946,1,0,0
61947,1,0,0
61948,1,0,0
61949,1,0,0
61950,1,0,0
61951,1,0,0
61952,1,0,0
61953,1,0,0
61954,1,0,0
61955,1,0,0
61956,1,0,0
61957,1,0,0
61958,1,0,0
61959,1,0,0
61960,1,0,0
61961,1,0,0
61962,1,0,0
61963,1,0,0
61964,1,0,0
61965,1,0,0
61966,1,0,0
61967,1,0,0
61968,1,0,0
61969,1,0,0
61970,1,0,0
61971,1,0,0
61972,1,0,0
61973,1,0,0
61974,1,0,0
61975,1,0,0
61976,1,0,0
61977,1,0,0
61978,1,0,0
61979,1,0,0
61980,1,0,0
61981,1,0,0
61982,1,0,0
61983,1,0,0
61984,1,0,0
61985,1,0,0
61986,1,0,0
61987,1,0,0
61988,1,0,0
61989,1,0,0
61990,1,0,0
61991,1,0,0
61992,1,0,0
61993,1,0,0
61994,1,0,0
61995,1,0,0
61996,1,0,0
61997,1,0,0
61998,1,0,0
61999,1,0,0
62000,1,0,0
62001,1,0,0
62002,1,0,0
62003,1,0,0
62004,1,0,0
62005,1,0,0
62006,1,0,0
62007,1,0,0
62008,1,0,0
62009,1,0,0
62010,1,0,0
62011,1,0,0
62012,1,0,0
62013,1,0,0
62014,1,0,0
62015,1,0,0
62016,1,0,0
62017,1,0,0
62018,1,0,0
62019,1,0,0
62020,1,0,0
62021,1,0,0
62022,1,0,0
62023,1,0,0
62024,1,0,0
62025,1,0,0
62026,1,0,0
62027,1,0,0
62028,1,0,0
62029,1,0,0
62030,1,0,0
62031,1,0,0
62032,1,0,0
62033,1,0,0
62034,1,0,0
62035,1,0,0
62036,1,0,0
62037,1,0,0
62038,1,0,0
62039,1,0,0
62040,1,0,0
62041,1,0,0
62042,1,0,0
62043,1,0,0
62044,1,0,0
62045,1,0,0
62046,1,0,0
62047,1,0,0
62048,1,0,0
62049,1,0,0
62050,1,0,0
62051,1,0,0
62052,1,0,0
62053,1,0,0
62054,1,0,0
62055,1,0,0
62056,1,0,0
62057,1,0,0
62058,1,0,0
62059,1,0,0
62060,1,0,0
62061,1,0,0
62062,1,0,0
62063,1,0,0
62064,1,0,0
62065,1,0,0
62066,1,0,0
62067,1,0,0
62068,1,0,0
62069,1,0,0
62070,1,0,0
62071,1,0,0
62072,1,0,0
62073,1,0,0
62074,1,0,0
62075,1,0,0
62076,1,0,0
62077,1,0,0
62078,1,0,0
62079,1,0,0
62080,1,0,0
62081,1,0,0
62082,1,0,0
62083,1,0,0
62084,1,0,0
62085,1,0,0
62086,1,0,0
62087,1,0,0
62088,1,0,0
62089,1,0,0
62090,1,0,0
62091,1,0,0
62092,1,0,0
62093,1,0,0
62094,1,0,0
62095,1,0,0
62096,1,0,0
62097,1,0,0
62098,1,0,0
62099,1,0,0
62100,1,0,0
62101,1,0,0
62102,1,0,0
62103,1,0,0
62104,1,0,0
62105,1,0,0
62106,1,0,0
62107,1,0,0
62108,1,0,0
62109,1,0,0
62110,1,0,0
62111,1,0,0
62112,1,0,0
62113,1,0,0
62114,1,0,0
62115,1,0,0
62116,1,0,0
62117,1,0,0
62118,1,0,0
62119,1,0,0
62120,1,0,0
62121,1,0,0
62122,1,0,0
62123,1,0,0
62124,1,0,0
62125,1,0,0
62126,1,0,0
62127,1,0,0
62128,1,0,0
62129,1,0,0
62130,1,0,0
62131,1,0,0
62132,1,0,0
62133,1,0,0
62134,1,0,0
62135,1,0,0
62136,1,0,0
62137,1,0,0
62138,1,0,0
62139,1,0,0
62140,1,0,0
62141,1,0,0
62142,1,0,0
62143,1,0,0
62144,1,0,0
62145,1,0,0
62146,1,0,0
62147,1,0,0
62148,1,0,0
62149,1,0,0
62150,1,0,0
62151,1,0,0
62152,1,0,0
62153,1,0,0
62154,1,0,0
62155,1,0,0
62156,1,0,0
62157,1,0,0
62158,1,0,0
62159,1,0,0
62160,1,0,0
62161,1,0,0
62162,1,0,0
62163,1,0,0
62164,1,0,0
62165,1,0,0
62166,1,0,0
62167,1,0,0
62168,1,0,0
62169,1,0,0
62170,1,0,0
62171,1,0,0
62172,1,0,0
62173,1,0,0
62174,1,0,0
62175,1,0,0
62176,1,0,0
62177,1,0,0
62178,1,0,0
62179,1,0,0
62180,1,0,0
62181,1,0,0
62182,1,0,0
62183,1,0,0
62184,1,0,0
62185,1,0,0
62186,1,0,0
62187,1,0,0
62188,1,0,0
62189,1,0,0
62190,1,0,0
62191,1,0,0
62192,1,0,0
62193,1,0,0
62194,1,0,0
62195,1,0,0
62196,1,0,0
62197,1,0,0
62198,1,0,0
62199,1,0,0
62200,1,0,0
62201,1,0,0
62202,1,0,0
62203,1,0,0
62204,1,0,0
62205,1,0,0
62206,1,0,0
62207,1,0,0
62208,1,0,0
62209,1,0,0
62210,1,0,0
62211,1,0,0
62212,1,0,0
62213,1,0,0
62214,1,0,0
62215,1,0,0
62216,1,0,0
62217,1,0,0
62218,1,0,0
62219,1,0,0
62220,1,0,0
62221,1,0,0
62222,1,0,0
62223,1,0,0
62224,1,0,0
62225,1,0,0
62226,1,0,0
62227,1,0,0
62228,1,0,0
62229,1,0,0
62230,1,0,0
62231,1,0,0
62232,1,0,0
62233,1,0,0
62234,1,0,0
62235,1,0,0
62236,1,0,0
62237,1,0,0
62238,1,0,0
62239,1,0,0
62240,1,0,0
62241,1,0,0
62242,1,0,0
62243,1,0,0
62244,1,0,0
62245,1,0,0
62246,1,0,0
62247,1,0,0
62248,1,0,0
62249,1,0,0
62250,1,0,0
62251,1,0,0
62252,1,0,0
62253,1,0,0
62254,1,0,0
62255,1,0,0
62256,1,0,0
62257,1,0,0
62258,1,0,0
62259,1,0,0
62260,1,0,0
62261,1,0,0
62262,1,0,0
62263,1,0,0
62264,1,0,0
62265,1,0,0
62266,1,0,0
62267,1,0,0
62268,1,0,0
62269,1,0,0
62270,1,0,0
62271,1,0,0
62272,1,0,0
62273,1,0,0
62274,1,0,0
62275,1,0,0
62276,1,0,0
62277,1,0,0
62278,1,0,0
62279,1,0,0
62280,1,0,0
62281,1,0,0
62282,1,0,0
62283,1,0,0
62284,1,0,0
62285,1,0,0
62286,1,0,0
62287,1,0,0
62288,1,0,0
62289,1,0,0
62290,1,0,0
62291,1,0,0
62292,1,0,0
62293,1,0,0
62294,1,0,0
62295,1,0,0
62296,1,0,0
62297,1,0,0
62298,1,0,0
62299,1,0,0
62300,1,0,0
62301,1,0,0
62302,1,0,0
62303,1,0,0
62304,1,0,0
62305,1,0,0
62306,1,0,0
62307,1,0,0
62308,1,0,0
62309,1,0,0
62310,1,0,0
62311,1,0,0
62312,1,0,0
62313,1,0,0
62314,1,0,0
62315,1,0,0
62316,1,0,0
62317,1,0,0
62318,1,0,0
62319,1,0,0
62320,1,0,0
62321,1,0,0
62322,1,0,0
62323,1,0,0
62324,1,0,0
62325,1,0,0
62326,1,0,0
62327,1,0,0
62328,1,0,0
62329,1,0,0
62330,1,0,0
62331,1,0,0
62332,1,0,0
62333,1,0,0
62334,1,0,0
62335,1,0,0
62336,1,0,0
62337,1,0,0
62338,1,0,0
62339,1,0,0
62340,1,0,0
62341,1,0,0
62342,1,0,0
62343,1,0,0
62344,1,0,0
62345,1,0,0
62346,1,0,0
62347,1,0,0
62348,1,0,0
62349,1,0,0
62350,1,0,0
62351,1,0,0
62352,1,0,0
62353,1,0,0
62354,1,0,0
62355,1,0,0
62356,1,0,0
62357,1,0,0
62358,1,0,0
62359,1,0,0
62360,1,0,0
62361,1,0,0
62362,1,0,0
62363,1,0,0
62364,1,0,0
62365,1,0,0
62366,1,0,0
62367,1,0,0
62368,1,0,0
62369,1,0,0
62370,1,0,0
62371,1,0,0
62372,1,0,0
62373,1,0,0
62374,1,0,0
62375,1,0,0
62376,1,0,0
62377,1,0,0
62378,1,0,0
62379,1,0,0
62380,1,0,0
62381,1,0,0
62382,1,0,0
62383,1,0,0
62384,1,0,0
62385,1,0,0
62386,1,0,0
62387,1,0,0
62388,1,0,0
62389,1,0,0
62390,1,0,0
62391,1,0,0
62392,1,0,0
62393,1,0,0
62394,1,0,0
62395,1,0,0
62396,1,0,0
62397,1,0,0
62398,1,0,0
62399,1,0,0
62400,1,0,0
62401,1,0,0
62402,1,0,0
62403,1,0,0
62404,1,0,0
62405,1,0,0
62406,1,0,0
62407,1,0,0
62408,1,0,0
62409,1,0,0
62410,1,0,0
62411,1,0,0
62412,1,0,0
62413,1,0,0
62414,1,0,0
62415,1,0,0
62416,1,0,0
62417,1,0,0
62418,1,0,0
62419,1,0,0
62420,1,0,0
62421,1,0,0
62422,1,0,0
62423,1,0,0
62424,1,0,0
62425,1,0,0
62426,1,0,0
62427,1,0,0
62428,1,0,0
62429,1,0,0
62430,1,0,0
62431,1,0,0
62432,1,0,0
62433,1,0,0
62434,1,0,0
62435,1,0,0
62436,1,0,0
62437,1,0,0
62438,1,0,0
62439,1,0,0
62440,1,0,0
62441,1,0,0
62442,1,0,0
62443,1,0,0
62444,1,0,0
62445,1,0,0
62446,1,0,0
62447,1,0,0
62448,1,0,0
62449,1,0,0
62450,1,0,0
62451,1,0,0
62452,1,0,0
62453,1,0,0
62454,1,0,0
62455,1,0,0
62456,1,0,0
62457,1,0,0
62458,1,0,0
62459,1,0,0
62460,1,0,0
62461,1,0,0
62462,1,0,0
62463,1,0,0
62464,1,0,0
62465,1,0,0
62466,1,0,0
62467,1,0,0
62468,1,0,0
62469,1,0,0
62470,1,0,0
62471,1,0,0
62472,1,0,0
62473,1,0,0
62474,1,0,0
62475,1,0,0
62476,1,0,0
62477,1,0,0
62478,1,0,0
62479,1,0,0
62480,1,0,0
62481,1,0,0
62482,1,0,0
62483,1,0,0
62484,1,0,0
62485,1,0,0
62486,1,0,0
62487,1,0,0
62488,1,0,0
62489,1,0,0
62490,1,0,0
62491,1,0,0
62492,1,0,0
62493,1,0,0
62494,1,0,0
62495,1,0,0
62496,1,0,0
62497,1,0,0
62498,1,0,0
62499,1,0,0
62500,1,0,0
62501,1,0,0
62502,1,0,0
62503,1,0,0
62504,1,0,0
62505,1,0,0
62506,1,0,0
62507,1,0,0
62508,1,0,0
62509,1,0,0
62510,1,0,0
62511,1,0,0
62512,1,0,0
62513,1,0,0
62514,1,0,0
62515,1,0,0
62516,1,0,0
62517,1,0,0
62518,1,0,0
62519,1,0,0
62520,1,0,0
62521,1,0,0
62522,1,0,0
62523,1,0,0
62524,1,0,0
62525,1,0,0
62526,1,0,0
62527,1,0,0
62528,1,0,0
62529,1,0,0
62530,1,0,0
62531,1,0,0
62532,1,0,0
62533,1,0,0
62534,1,0,0
62535,1,0,0
62536,1,0,0
62537,1,0,0
62538,1,0,0
62539,1,0,0
62540,1,0,0
62541,1,0,0
62542,1,0,0
62543,1,0,0
62544,1,0,0
62545,1,0,0
62546,1,0,0
62547,1,0,0
62548,1,0,0
62549,1,0,0
62550,1,0,0
62551,1,0,0
62552,1,0,0
62553,1,0,0
62554,1,0,0
62555,1,0,0
62556,1,0,0
62557,1,0,0
62558,1,0,0
62559,1,0,0
62560,1,0,0
62561,1,0,0
62562,1,0,0
62563,1,0,0
62564,1,0,0
62565,1,0,0
62566,1,0,0
62567,1,0,0
62568,1,0,0
62569,1,0,0
62570,1,0,0
62571,1,0,0
62572,1,0,0
62573,1,0,0
62574,1,0,0
62575,1,0,0
62576,1,0,0
62577,1,0,0
62578,1,0,0
62579,1,0,0
62580,1,0,0
62581,1,0,0
62582,1,0,0
62583,1,0,0
62584,1,0,0
62585,1,0,0
62586,1,0,0
62587,1,0,0
62588,1,0,0
62589,1,0,0
62590,1,0,0
62591,1,0,0
62592,1,0,0
62593,1,0,0
62594,1,0,0
62595,1,0,0
62596,1,0,0
62597,1,0,0
62598,1,0,0
62599,1,0,0
62600,1,0,0
62601,1,0,0
62602,1,0,0
62603,1,0,0
62604,1,0,0
62605,1,0,0
62606,1,0,0
62607,1,0,0
62608,1,0,0
62609,1,0,0
62610,1,0,0
62611,1,0,0
62612,1,0,0
62613,1,0,0
62614,1,0,0
62615,1,0,0
62616,1,0,0
62617,1,0,0
62618,1,0,0
62619,1,0,0
62620,1,0,0
62621,1,0,0
62622,1,0,0
62623,1,0,0
62624,1,0,0
62625,1,0,0
62626,1,0,0
62627,1,0,0
62628,1,0,0
62629,1,0,0
62630,1,0,0
62631,1,0,0
62632,1,0,0
62633,1,0,0
62634,1,0,0
62635,1,0,0
62636,1,0,0
62637,1,0,0
62638,1,0,0
62639,1,0,0
62640,1,0,0
62641,1,0,0
62642,1,0,0
62643,1,0,0
62644,1,0,0
62645,1,0,0
62646,1,0,0
62647,1,0,0
62648,1,0,0
62649,1,0,0
62650,1,0,0
62651,1,0,0
62652,1,0,0
62653,1,0,0
62654,1,0,0
62655,1,0,0
62656,1,0,0
62657,1,0,0
62658,1,0,0
62659,1,0,0
62660,1,0,0
62661,1,0,0
62662,1,0,0
62663,1,0,0
62664,1,0,0
62665,1,0,0
62666,1,0,0
62667,1,0,0
62668,1,0,0
62669,1,0,0
62670,1,0,0
62671,1,0,0
62672,1,0,0
62673,1,0,0
62674,1,0,0
62675,1,0,0
62676,1,0,0
62677,1,0,0
62678,1,0,0
62679,1,0,0
62680,1,0,0
62681,1,0,0
62682,1,0,0
62683,1,0,0
62684,1,0,0
62685,1,0,0
62686,1,0,0
62687,1,0,0
62688,1,0,0
62689,1,0,0
62690,1,0,0
62691,1,0,0
62692,1,0,0
62693,1,0,0
62694,1,0,0
62695,1,0,0
62696,1,0,0
62697,1,0,0
62698,1,0,0
62699,1,0,0
62700,1,0,0
62701,1,0,0
62702,1,0,0
62703,1,0,0
62704,1,0,0
62705,1,0,0
62706,1,0,0
62707,1,0,0
62708,1,0,0
62709,1,0,0
62710,1,0,0
62711,1,0,0
62712,1,0,0
62713,1,0,0
62714,1,0,0
62715,1,0,0
62716,1,0,0
62717,1,0,0
62718,1,0,0
62719,1,0,0
62720,1,0,0
62721,1,0,0
62722,1,0,0
62723,1,0,0
62724,1,0,0
62725,1,0,0
62726,1,0,0
62727,1,0,0
62728,1,0,0
62729,1,0,0
62730,1,0,0
62731,1,0,0
62732,1,0,0
62733,1,0,0
62734,1,0,0
62735,1,0,0
62736,1,0,0
62737,1,0,0
62738,1,0,0
62739,1,0,0
62740,1,0,0
62741,1,0,0
62742,1,0,0
62743,1,0,0
62744,1,0,0
62745,1,0,0
62746,1,0,0
62747,1,0,0
62748,1,0,0
62749,1,0,0
62750,1,0,0
62751,1,0,0
62752,1,0,0
62753,1,0,0
62754,1,0,0
62755,1,0,0
62756,1,0,0
62757,1,0,0
62758,1,0,0
62759,1,0,0
62760,1,0,0
62761,1,0,0
62762,1,0,0
62763,1,0,0
62764,1,0,0
62765,1,0,0
62766,1,0,0
62767,1,0,0
62768,1,0,0
62769,1,0,0
62770,1,0,0
62771,1,0,0
62772,1,0,0
62773,1,0,0
62774,1,0,0
62775,1,0,0
62776,1,0,0
62777,1,0,0
62778,1,0,0
62779,1,0,0
62780,1,0,0
62781,1,0,0
62782,1,0,0
62783,1,0,0
62784,1,0,0
62785,1,0,0
62786,1,0,0
62787,1,0,0
62788,1,0,0
62789,1,0,0
62790,1,0,0
62791,1,0,0
62792,1,0,0
62793,1,0,0
62794,1,0,0
62795,1,0,0
62796,1,0,0
62797,1,0,0
62798,1,0,0
62799,1,0,0
62800,1,0,0
62801,1,0,0
62802,1,0,0
62803,1,0,0
62804,1,0,0
62805,1,0,0
62806,1,0,0
62807,1,0,0
62808,1,0,0
62809,1,0,0
62810,1,0,0
62811,1,0,0
62812,1,0,0
62813,1,0,0
62814,1,0,0
62815,1,0,0
62816,1,0,0
62817,1,0,0
62818,1,0,0
62819,1,0,0
62820,1,0,0
62821,1,0,0
62822,1,0,0
62823,1,0,0
62824,1,0,0
62825,1,0,0
62826,1,0,0
62827,1,0,0
62828,1,0,0
62829,1,0,0
62830,1,0,0
62831,1,0,0
62832,1,0,0
62833,1,0,0
62834,1,0,0
62835,1,0,0
62836,1,0,0
62837,1,0,0
62838,1,0,0
62839,1,0,0
62840,1,0,0
62841,1,0,0
62842,1,0,0
62843,1,0,0
62844,1,0,0
62845,1,0,0
62846,1,0,0
62847,1,0,0
62848,1,0,0
62849,1,0,0
62850,1,0,0
62851,1,0,0
62852,1,0,0
62853,1,0,0
62854,1,0,0
62855,1,0,0
62856,1,0,0
62857,1,0,0
62858,1,0,0
62859,1,0,0
62860,1,0,0
62861,1,0,0
62862,1,0,0
62863,1,0,0
62864,1,0,0
62865,1,0,0
62866,1,0,0
62867,1,0,0
62868,1,0,0
62869,1,0,0
62870,1,0,0
62871,1,0,0
62872,1,0,0
62873,1,0,0
62874,1,0,0
62875,1,0,0
62876,1,0,0
62877,1,0,0
62878,1,0,0
62879,1,0,0
62880,1,0,0
62881,1,0,0
62882,1,0,0
62883,1,0,0
62884,1,0,0
62885,1,0,0
62886,1,0,0
62887,1,0,0
62888,1,0,0
62889,1,0,0
62890,1,0,0
62891,1,0,0
62892,1,0,0
62893,1,0,0
62894,1,0,0
62895,1,0,0
62896,1,0,0
62897,1,0,0
62898,1,0,0
62899,1,0,0
62900,1,0,0
62901,1,0,0
62902,1,0,0
62903,1,0,0
62904,1,0,0
62905,1,0,0
62906,1,0,0
62907,1,0,0
62908,1,0,0
62909,1,0,0
62910,1,0,0
62911,1,0,0
62912,1,0,0
62913,1,0,0
62914,1,0,0
62915,1,0,0
62916,1,0,0
62917,1,0,0
62918,1,0,0
62919,1,0,0
62920,1,0,0
62921,1,0,0
62922,1,0,0
62923,1,0,0
62924,1,0,0
62925,1,0,0
62926,1,0,0
62927,1,0,0
62928,1,0,0
62929,1,0,0
62930,1,0,0
62931,1,0,0
62932,1,0,0
62933,1,0,0
62934,1,0,0
62935,1,0,0
62936,1,0,0
62937,1,0,0
62938,1,0,0
62939,1,0,0
62940,1,0,0
62941,1,0,0
62942,1,0,0
62943,1,0,0
62944,1,0,0
62945,1,0,0
62946,1,0,0
62947,1,0,0
62948,1,0,0
62949,1,0,0
62950,1,0,0
62951,1,0,0
62952,1,0,0
62953,1,0,0
62954,1,0,0
62955,1,0,0
62956,1,0,0
62957,1,0,0
62958,1,0,0
62959,1,0,0
62960,1,0,0
62961,1,0,0
62962,1,0,0
62963,1,0,0
62964,1,0,0
62965,1,0,0
62966,1,0,0
62967,1,0,0
62968,1,0,0
62969,1,0,0
62970,1,0,0
62971,1,0,0
62972,1,0,0
62973,1,0,0
62974,1,0,0
62975,1,0,0
62976,1,0,0
62977,1,0,0
62978,1,0,0
62979,1,0,0
62980,1,0,0
62981,1,0,0
62982,1,0,0
62983,1,0,0
62984,1,0,0
62985,1,0,0
62986,1,0,0
62987,1,0,0
62988,1,0,0
62989,1,0,0
62990,1,0,0
62991,1,0,0
62992,1,0,0
62993,1,0,0
62994,1,0,0
62995,1,0,0
62996,1,0,0
62997,1,0,0
62998,1,0,0
62999,1,0,0
63000,1,0,0
63001,1,0,0
63002,1,0,0
63003,1,0,0
63004,1,0,0
63005,1,0,0
63006,1,0,0
63007,1,0,0
63008,1,0,0
63009,1,0,0
63010,1,0,0
63011,1,0,0
63012,1,0,0
63013,1,0,0
63014,1,0,0
63015,1,0,0
63016,1,0,0
63017,1,0,0
63018,1,0,0
63019,1,0,0
63020,1,0,0
63021,1,0,0
63022,1,0,0
63023,1,0,0
63024,1,0,0
63025,1,0,0
63026,1,0,0
63027,1,0,0
63028,1,0,0
63029,1,0,0
63030,1,0,0
63031,1,0,0
63032,1,0,0
63033,1,0,0
63034,1,0,0
63035,1,0,0
63036,1,0,0
63037,1,0,0
63038,1,0,0
63039,1,0,0
63040,1,0,0
63041,1,0,0
63042,1,0,0
63043,1,0,0
63044,1,0,0
63045,1,0,0
63046,1,0,0
63047,1,0,0
63048,1,0,0
63049,1,0,0
63050,1,0,0
63051,1,0,0
63052,1,0,0
63053,1,0,0
63054,1,0,0
63055,1,0,0
63056,1,0,0
63057,1,0,0
63058,1,0,0
63059,1,0,0
63060,1,0,0
63061,1,0,0
63062,1,0,0
63063,1,0,0
63064,1,0,0
63065,1,0,0
63066,1,0,0
63067,1,0,0
63068,1,0,0
63069,1,0,0
63070,1,0,0
63071,1,0,0
63072,1,0,0
63073,1,0,0
63074,1,0,0
63075,1,0,0
63076,1,0,0
63077,1,0,0
63078,1,0,0
63079,1,0,0
63080,1,0,0
63081,1,0,0
63082,1,0,0
63083,1,0,0
63084,1,0,0
63085,1,0,0
63086,1,0,0
63087,1,0,0
63088,1,0,0
63089,1,0,0
63090,1,0,0
63091,1,0,0
63092,1,0,0
63093,1,0,0
63094,1,0,0
63095,1,0,0
63096,1,0,0
63097,1,0,0
63098,1,0,0
63099,1,0,0
63100,1,0,0
63101,1,0,0
63102,1,0,0
63103,1,0,0
63104,1,0,0
63105,1,0,0
63106,1,0,0
63107,1,0,0
63108,1,0,0
63109,1,0,0
63110,1,0,0
63111,1,0,0
63112,1,0,0
63113,1,0,0
63114,1,0,0
63115,1,0,0
63116,1,0,0
63117,1,0,0
63118,1,0,0
63119,1,0,0
63120,1,0,0
63121,1,0,0
63122,1,0,0
63123,1,0,0
63124,1,0,0
63125,1,0,0
63126,1,0,0
63127,1,0,0
63128,1,0,0
63129,1,0,0
63130,1,0,0
63131,1,0,0
63132,1,0,0
63133,1,0,0
63134,1,0,0
63135,1,0,0
63136,1,0,0
63137,1,0,0
63138,1,0,0
63139,1,0,0
63140,1,0,0
63141,1,0,0
63142,1,0,0
63143,1,0,0
63144,1,0,0
63145,1,0,0
63146,1,0,0
63147,1,0,0
63148,1,0,0
63149,1,0,0
63150,1,0,0
63151,1,0,0
63152,1,0,0
63153,1,0,0
63154,1,0,0
63155,1,0,0
63156,1,0,0
63157,1,0,0
63158,1,0,0
63159,1,0,0
63160,1,0,0
63161,1,0,0
63162,1,0,0
63163,1,0,0
63164,1,0,0
63165,1,0,0
63166,1,0,0
63167,1,0,0
63168,1,0,0
63169,1,0,0
63170,1,0,0
63171,1,0,0
63172,1,0,0
63173,1,0,0
63174,1,0,0
63175,1,0,0
63176,1,0,0
63177,1,0,0
63178,1,0,0
63179,1,0,0
63180,1,0,0
63181,1,0,0
63182,1,0,0
63183,1,0,0
63184,1,0,0
63185,1,0,0
63186,1,0,0
63187,1,0,0
63188,1,0,0
63189,1,0,0
63190,1,0,0
63191,1,0,0
63192,1,0,0
63193,1,0,0
63194,1,0,0
63195,1,0,0
63196,1,0,0
63197,1,0,0
63198,1,0,0
63199,1,0,0
63200,1,0,0
63201,1,0,0
63202,1,0,0
63203,1,0,0
63204,1,0,0
63205,1,0,0
63206,1,0,0
63207,1,0,0
63208,1,0,0
63209,1,0,0
63210,1,0,0
63211,1,0,0
63212,1,0,0
63213,1,0,0
63214,1,0,0
63215,1,0,0
63216,1,0,0
63217,1,0,0
63218,1,0,0
63219,1,0,0
63220,1,0,0
63221,1,0,0
63222,1,0,0
63223,1,0,0
63224,1,0,0
63225,1,0,0
63226,1,0,0
63227,1,0,0
63228,1,0,0
63229,1,0,0
63230,1,0,0
63231,1,0,0
63232,1,0,0
63233,1,0,0
63234,1,0,0
63235,1,0,0
63236,1,0,0
63237,1,0,0
63238,1,0,0
63239,1,0,0
63240,1,0,0
63241,1,0,0
63242,1,0,0
63243,1,0,0
63244,1,0,0
63245,1,0,0
63246,1,0,0
63247,1,0,0
63248,1,0,0
63249,1,0,0
63250,1,0,0
63251,1,0,0
63252,1,0,0
63253,1,0,0
63254,1,0,0
63255,1,0,0
63256,1,0,0
63257,1,0,0
63258,1,0,0
63259,1,0,0
63260,1,0,0
63261,1,0,0
63262,1,0,0
63263,1,0,0
63264,1,0,0
63265,1,0,0
63266,1,0,0
63267,1,0,0
63268,1,0,0
63269,1,0,0
63270,1,0,0
63271,1,0,0
63272,1,0,0
63273,1,0,0
63274,1,0,0
63275,1,0,0
63276,1,0,0
63277,1,0,0
63278,1,0,0
63279,1,0,0
63280,1,0,0
63281,1,0,0
63282,1,0,0
63283,1,0,0
63284,1,0,0
63285,1,0,0
63286,1,0,0
63287,1,0,0
63288,1,0,0
63289,1,0,0
63290,1,0,0
63291,1,0,0
63292,1,0,0
63293,1,0,0
63294,1,0,0
63295,1,0,0
63296,1,0,0
63297,1,0,0
63298,1,0,0
63299,1,0,0
63300,1,0,0
63301,1,0,0
63302,1,0,0
63303,1,0,0
63304,1,0,0
63305,1,0,0
63306,1,0,0
63307,1,0,0
63308,1,0,0
63309,1,0,0
63310,1,0,0
63311,1,0,0
63312,1,0,0
63313,1,0,0
63314,1,0,0
63315,1,0,0
63316,1,0,0
63317,1,0,0
63318,1,0,0
63319,1,0,0
63320,1,0,0
63321,1,0,0
63322,1,0,0
63323,1,0,0
63324,1,0,0
63325,1,0,0
63326,1,0,0
63327,1,0,0
63328,1,0,0
63329,1,0,0
63330,1,0,0
63331,1,0,0
63332,1,0,0
63333,1,0,0
63334,1,0,0
63335,1,0,0
63336,1,0,0
63337,1,0,0
63338,1,0,0
63339,1,0,0
63340,1,0,0
63341,1,0,0
63342,1,0,0
63343,1,0,0
63344,1,0,0
63345,1,0,0
63346,1,0,0
63347,1,0,0
63348,1,0,0
63349,1,0,0
63350,1,0,0
63351,1,0,0
63352,1,0,0
63353,1,0,0
63354,1,0,0
63355,1,0,0
63356,1,0,0
63357,1,0,0
63358,1,0,0
63359,1,0,0
63360,1,0,0
63361,1,0,0
63362,1,0,0
63363,1,0,0
63364,1,0,0
63365,1,0,0
63366,1,0,0
63367,1,0,0
63368,1,0,0
63369,1,0,0
63370,1,0,0
63371,1,0,0
63372,1,0,0
63373,1,0,0
63374,1,0,0
63375,1,0,0
63376,1,0,0
63377,1,0,0
63378,1,0,0
63379,1,0,0
63380,1,0,0
63381,1,0,0
63382,1,0,0
63383,1,0,0
63384,1,0,0
63385,1,0,0
63386,1,0,0
63387,1,0,0
63388,1,0,0
63389,1,0,0
63390,1,0,0
63391,1,0,0
63392,1,0,0
63393,1,0,0
63394,1,0,0
63395,1,0,0
63396,1,0,0
63397,1,0,0
63398,1,0,0
63399,1,0,0
63400,1,0,0
63401,1,0,0
63402,1,0,0
63403,1,0,0
63404,1,0,0
63405,1,0,0
63406,1,0,0
63407,1,0,0
63408,1,0,0
63409,1,0,0
63410,1,0,0
63411,1,0,0
63412,1,0,0
63413,1,0,0
63414,1,0,0
63415,1,0,0
63416,1,0,0
63417,1,0,0
63418,1,0,0
63419,1,0,0
63420,1,0,0
63421,1,0,0
63422,1,0,0
63423,1,0,0
63424,1,0,0
63425,1,0,0
63426,1,0,0
63427,1,0,0
63428,1,0,0
63429,1,0,0
63430,1,0,0
63431,1,0,0
63432,1,0,0
63433,1,0,0
63434,1,0,0
63435,1,0,0
63436,1,0,0
63437,1,0,0
63438,1,0,0
63439,1,0,0
63440,1,0,0
63441,1,0,0
63442,1,0,0
63443,1,0,0
63444,1,0,0
63445,1,0,0
63446,1,0,0
63447,1,0,0
63448,1,0,0
63449,1,0,0
63450,1,0,0
63451,1,0,0
63452,1,0,0
63453,1,0,0
63454,1,0,0
63455,1,0,0
63456,1,0,0
63457,1,0,0
63458,1,0,0
63459,1,0,0
63460,1,0,0
63461,1,0,0
63462,1,0,0
63463,1,0,0
63464,1,0,0
63465,1,0,0
63466,1,0,0
63467,1,0,0
63468,1,0,0
63469,1,0,0
63470,1,0,0
63471,1,0,0
63472,1,0,0
63473,1,0,0
63474,1,0,0
63475,1,0,0
63476,1,0,0
63477,1,0,0
63478,1,0,0
63479,1,0,0
63480,1,0,0
63481,1,0,0
63482,1,0,0
63483,1,0,0
63484,1,0,0
63485,1,0,0
63486,1,0,0
63487,1,0,0
63488,1,0,0
63489,1,0,0
63490,1,0,0
63491,1,0,0
63492,1,0,0
63493,1,0,0
63494,1,0,0
63495,1,0,0
63496,1,0,0
63497,1,0,0
63498,1,0,0
63499,1,0,0
63500,1,0,0
63501,1,0,0
63502,1,0,0
63503,1,0,0
63504,1,0,0
63505,1,0,0
63506,1,0,0
63507,1,0,0
63508,1,0,0
63509,1,0,0
63510,1,0,0
63511,1,0,0
63512,1,0,0
63513,1,0,0
63514,1,0,0
63515,1,0,0
63516,1,0,0
63517,1,0,0
63518,1,0,0
63519,1,0,0
63520,1,0,0
63521,1,0,0
63522,1,0,0
63523,1,0,0
63524,1,0,0
63525,1,0,0
63526,1,0,0
63527,1,0,0
63528,1,0,0
63529,1,0,0
63530,1,0,0
63531,1,0,0
63532,1,0,0
63533,1,0,0
63534,1,0,0
63535,1,0,0
63536,1,0,0
63537,1,0,0
63538,1,0,0
63539,1,0,0
63540,1,0,0
63541,1,0,0
63542,1,0,0
63543,1,0,0
63544,1,0,0
63545,1,0,0
63546,1,0,0
63547,1,0,0
63548,1,0,0
63549,1,0,0
63550,1,0,0
63551,1,0,0
63552,1,0,0
63553,1,0,0
63554,1,0,0
63555,1,0,0
63556,1,0,0
63557,1,0,0
63558,1,0,0
63559,1,0,0
63560,1,0,0
63561,1,0,0
63562,1,0,0
63563,1,0,0
63564,1,0,0
63565,1,0,0
63566,1,0,0
63567,1,0,0
63568,1,0,0
63569,1,0,0
63570,1,0,0
63571,1,0,0
63572,1,0,0
63573,1,0,0
63574,1,0,0
63575,1,0,0
63576,1,0,0
63577,1,0,0
63578,1,0,0
63579,1,0,0
63580,1,0,0
63581,1,0,0
63582,1,0,0
63583,1,0,0
63584,1,0,0
63585,1,0,0
63586,1,0,0
63587,1,0,0
63588,1,0,0
63589,1,0,0
63590,1,0,0
63591,1,0,0
63592,1,0,0
63593,1,0,0
63594,1,0,0
63595,1,0,0
63596,1,0,0
63597,1,0,0
63598,1,0,0
63599,1,0,0
63600,1,0,0
63601,1,0,0
63602,1,0,0
63603,1,0,0
63604,1,0,0
63605,1,0,0
63606,1,0,0
63607,1,0,0
63608,1,0,0
63609,1,0,0
63610,1,0,0
63611,1,0,0
63612,1,0,0
63613,1,0,0
63614,1,0,0
63615,1,0,0
63616,1,0,0
63617,1,0,0
63618,1,0,0
63619,1,0,0
63620,1,0,0
63621,1,0,0
63622,1,0,0
63623,1,0,0
63624,1,0,0
63625,1,0,0
63626,1,0,0
63627,1,0,0
63628,1,0,0
63629,1,0,0
63630,1,0,0
63631,1,0,0
63632,1,0,0
63633,1,0,0
63634,1,0,0
63635,1,0,0
63636,1,0,0
63637,1,0,0
63638,1,0,0
63639,1,0,0
63640,1,0,0
63641,1,0,0
63642,1,0,0
63643,1,0,0
63644,1,0,0
63645,1,0,0
63646,1,0,0
63647,1,0,0
63648,1,0,0
63649,1,0,0
63650,1,0,0
63651,1,0,0
63652,1,0,0
63653,1,0,0
63654,1,0,0
63655,1,0,0
63656,1,0,0
63657,1,0,0
63658,1,0,0
63659,1,0,0
63660,1,0,0
63661,1,0,0
63662,1,0,0
63663,1,0,0
63664,1,0,0
63665,1,0,0
63666,1,0,0
63667,1,0,0
63668,1,0,0
63669,1,0,0
63670,1,0,0
63671,1,0,0
63672,1,0,0
63673,1,0,0
63674,1,0,0
63675,1,0,0
63676,1,0,0
63677,1,0,0
63678,1,0,0
63679,1,0,0
63680,1,0,0
63681,1,0,0
63682,1,0,0
63683,1,0,0
63684,1,0,0
63685,1,0,0
63686,1,0,0
63687,1,0,0
63688,1,0,0
63689,1,0,0
63690,1,0,0
63691,1,0,0
63692,1,0,0
63693,1,0,0
63694,1,0,0
63695,1,0,0
63696,1,0,0
63697,1,0,0
63698,1,0,0
63699,1,0,0
63700,1,0,0
63701,1,0,0
63702,1,0,0
63703,1,0,0
63704,1,0,0
63705,1,0,0
63706,1,0,0
63707,1,0,0
63708,1,0,0
63709,1,0,0
63710,1,0,0
63711,1,0,0
63712,1,0,0
63713,1,0,0
63714,1,0,0
63715,1,0,0
63716,1,0,0
63717,1,0,0
63718,1,0,0
63719,1,0,0
63720,1,0,0
63721,1,0,0
63722,1,0,0
63723,1,0,0
63724,1,0,0
63725,1,0,0
63726,1,0,0
63727,1,0,0
63728,1,0,0
63729,1,0,0
63730,1,0,0
63731,1,0,0
63732,1,0,0
63733,1,0,0
63734,1,0,0
63735,1,0,0
63736,1,0,0
63737,1,0,0
63738,1,0,0
63739,1,0,0
63740,1,0,0
63741,1,0,0
63742,1,0,0
63743,1,0,0
63744,1,0,0
63745,1,0,0
63746,1,0,0
63747,1,0,0
63748,1,0,0
63749,1,0,0
63750,1,0,0
63751,1,0,0
63752,1,0,0
63753,1,0,0
63754,1,0,0
63755,1,0,0
63756,1,0,0
63757,1,0,0
63758,1,0,0
63759,1,0,0
63760,1,0,0
63761,1,0,0
63762,1,0,0
63763,1,0,0
63764,1,0,0
63765,1,0,0
63766,1,0,0
63767,1,0,0
63768,1,0,0
63769,1,0,0
63770,1,0,0
63771,1,0,0
63772,1,0,0
63773,1,0,0
63774,1,0,0
63775,1,0,0
63776,1,0,0
63777,1,0,0
63778,1,0,0
63779,1,0,0
63780,1,0,0
63781,1,0,0
63782,1,0,0
63783,1,0,0
63784,1,0,0
63785,1,0,0
63786,1,0,0
63787,1,0,0
63788,1,0,0
63789,1,0,0
63790,1,0,0
63791,1,0,0
63792,1,0,0
63793,1,0,0
63794,1,0,0
63795,1,0,0
63796,1,0,0
63797,1,0,0
63798,1,0,0
63799,1,0,0
63800,1,0,0
63801,1,0,0
63802,1,0,0
63803,1,0,0
63804,1,0,0
63805,1,0,0
63806,1,0,0
63807,1,0,0
63808,1,0,0
63809,1,0,0
63810,1,0,0
63811,1,0,0
63812,1,0,0
63813,1,0,0
63814,1,0,0
63815,1,0,0
63816,1,0,0
63817,1,0,0
63818,1,0,0
63819,1,0,0
63820,1,0,0
63821,1,0,0
63822,1,0,0
63823,1,0,0
63824,1,0,0
63825,1,0,0
63826,1,0,0
63827,1,0,0
63828,1,0,0
63829,1,0,0
63830,1,0,0
63831,1,0,0
63832,1,0,0
63833,1,0,0
63834,1,0,0
63835,1,0,0
63836,1,0,0
63837,1,0,0
63838,1,0,0
63839,1,0,0
63840,1,0,0
63841,1,0,0
63842,1,0,0
63843,1,0,0
63844,1,0,0
63845,1,0,0
63846,1,0,0
63847,1,0,0
63848,1,0,0
63849,1,0,0
63850,1,0,0
63851,1,0,0
63852,1,0,0
63853,1,0,0
63854,1,0,0
63855,1,0,0
63856,1,0,0
63857,1,0,0
63858,1,0,0
63859,1,0,0
63860,1,0,0
63861,1,0,0
63862,1,0,0
63863,1,0,0
63864,1,0,0
63865,1,0,0
63866,1,0,0
63867,1,0,0
63868,1,0,0
63869,1,0,0
63870,1,0,0
63871,1,0,0
63872,1,0,0
63873,1,0,0
63874,1,0,0
63875,1,0,0
63876,1,0,0
63877,1,0,0
63878,1,0,0
63879,1,0,0
63880,1,0,0
63881,1,0,0
63882,1,0,0
63883,1,0,0
63884,1,0,0
63885,1,0,0
63886,1,0,0
63887,1,0,0
63888,1,0,0
63889,1,0,0
63890,1,0,0
63891,1,0,0
63892,1,0,0
63893,1,0,0
63894,1,0,0
63895,1,0,0
63896,1,0,0
63897,1,0,0
63898,1,0,0
63899,1,0,0
63900,1,0,0
63901,1,0,0
63902,1,0,0
63903,1,0,0
63904,1,0,0
63905,1,0,0
63906,1,0,0
63907,1,0,0
63908,1,0,0
63909,1,0,0
63910,1,0,0
63911,1,0,0
63912,1,0,0
63913,1,0,0
63914,1,0,0
63915,1,0,0
63916,1,0,0
63917,1,0,0
63918,1,0,0
63919,1,0,0
63920,1,0,0
63921,1,0,0
63922,1,0,0
63923,1,0,0
63924,1,0,0
63925,1,0,0
63926,1,0,0
63927,1,0,0
63928,1,0,0
63929,1,0,0
63930,1,0,0
63931,1,0,0
63932,1,0,0
63933,1,0,0
63934,1,0,0
63935,1,0,0
63936,1,0,0
63937,1,0,0
63938,1,0,0
63939,1,0,0
63940,1,0,0
63941,1,0,0
63942,1,0,0
63943,1,0,0
63944,1,0,0
63945,1,0,0
63946,1,0,0
63947,1,0,0
63948,1,0,0
63949,1,0,0
63950,1,0,0
63951,1,0,0
63952,1,0,0
63953,1,0,0
63954,1,0,0
63955,1,0,0
63956,1,0,0
63957,1,0,0
63958,1,0,0
63959,1,0,0
63960,1,0,0
63961,1,0,0
63962,1,0,0
63963,1,0,0
63964,1,0,0
63965,1,0,0
63966,1,0,0
63967,1,0,0
63968,1,0,0
63969,1,0,0
63970,1,0,0
63971,1,0,0
63972,1,0,0
63973,1,0,0
63974,1,0,0
63975,1,0,0
63976,1,0,0
63977,1,0,0
63978,1,0,0
63979,1,0,0
63980,1,0,0
63981,1,0,0
63982,1,0,0
63983,1,0,0
63984,1,0,0
63985,1,0,0
63986,1,0,0
63987,1,0,0
63988,1,0,0
63989,1,0,0
63990,1,0,0
63991,1,0,0
63992,1,0,0
63993,1,0,0
63994,1,0,0
63995,1,0,0
63996,1,0,0
63997,1,0,0
63998,1,0,0
63999,1,0,0
64000,1,0,0
64001,1,0,0
64002,1,0,0
64003,1,0,0
64004,1,0,0
64005,1,0,0
64006,1,0,0
64007,1,0,0
64008,1,0,0
64009,1,0,0
64010,1,0,0
64011,1,0,0
64012,1,0,0
64013,1,0,0
64014,1,0,0
64015,1,0,0
64016,1,0,0
64017,1,0,0
64018,1,0,0
64019,1,0,0
64020,1,0,0
64021,1,0,0
64022,1,0,0
64023,1,0,0
64024,1,0,0
64025,1,0,0
64026,1,0,0
64027,1,0,0
64028,1,0,0
64029,1,0,0
64030,1,0,0
64031,1,0,0
64032,1,0,0
64033,1,0,0
64034,1,0,0
64035,1,0,0
64036,1,0,0
64037,1,0,0
64038,1,0,0
64039,1,0,0
64040,1,0,0
64041,1,0,0
64042,1,0,0
64043,1,0,0
64044,1,0,0
64045,1,0,0
64046,1,0,0
64047,1,0,0
64048,1,0,0
64049,1,0,0
64050,1,0,0
64051,1,0,0
64052,1,0,0
64053,1,0,0
64054,1,0,0
64055,1,0,0
64056,1,0,0
64057,1,0,0
64058,1,0,0
64059,1,0,0
64060,1,0,0
64061,1,0,0
64062,1,0,0
64063,1,0,0
64064,1,0,0
64065,1,0,0
64066,1,0,0
64067,1,0,0
64068,1,0,0
64069,1,0,0
64070,1,0,0
64071,1,0,0
64072,1,0,0
64073,1,0,0
64074,1,0,0
64075,1,0,0
64076,1,0,0
64077,1,0,0
64078,1,0,0
64079,1,0,0
64080,1,0,0
64081,1,0,0
64082,1,0,0
64083,1,0,0
64084,1,0,0
64085,1,0,0
64086,1,0,0
64087,1,0,0
64088,1,0,0
64089,1,0,0
64090,1,0,0
64091,1,0,0
64092,1,0,0
64093,1,0,0
64094,1,0,0
64095,1,0,0
64096,1,0,0
64097,1,0,0
64098,1,0,0
64099,1,0,0
64100,1,0,0
64101,1,0,0
64102,1,0,0
64103,1,0,0
64104,1,0,0
64105,1,0,0
64106,1,0,0
64107,1,0,0
64108,1,0,0
64109,1,0,0
64110,1,0,0
64111,1,0,0
64112,1,0,0
64113,1,0,0
64114,1,0,0
64115,1,0,0
64116,1,0,0
64117,1,0,0
64118,1,0,0
64119,1,0,0
64120,1,0,0
64121,1,0,0
64122,1,0,0
64123,1,0,0
64124,1,0,0
64125,1,0,0
64126,1,0,0
64127,1,0,0
64128,1,0,0
64129,1,0,0
64130,1,0,0
64131,1,0,0
64132,1,0,0
64133,1,0,0
64134,1,0,0
64135,1,0,0
64136,1,0,0
64137,1,0,0
64138,1,0,0
64139,1,0,0
64140,1,0,0
64141,1,0,0
64142,1,0,0
64143,1,0,0
64144,1,0,0
64145,1,0,0
64146,1,0,0
64147,1,0,0
64148,1,0,0
64149,1,0,0
64150,1,0,0
64151,1,0,0
64152,1,0,0
64153,1,0,0
64154,1,0,0
64155,1,0,0
64156,1,0,0
64157,1,0,0
64158,1,0,0
64159,1,0,0
64160,1,0,0
64161,1,0,0
64162,1,0,0
64163,1,0,0
64164,1,0,0
64165,1,0,0
64166,1,0,0
64167,1,0,0
64168,1,0,0
64169,1,0,0
64170,1,0,0
64171,1,0,0
64172,1,0,0
64173,1,0,0
64174,1,0,0
64175,1,0,0
64176,1,0,0
64177,1,0,0
64178,1,0,0
64179,1,0,0
64180,1,0,0
64181,1,0,0
64182,1,0,0
64183,1,0,0
64184,1,0,0
64185,1,0,0
64186,1,0,0
64187,1,0,0
64188,1,0,0
64189,1,0,0
64190,1,0,0
64191,1,0,0
64192,1,0,0
64193,1,0,0
64194,1,0,0
64195,1,0,0
64196,1,0,0
64197,1,0,0
64198,1,0,0
64199,1,0,0
64200,1,0,0
64201,1,0,0
64202,1,0,0
64203,1,0,0
64204,1,0,0
64205,1,0,0
64206,1,0,0
64207,1,0,0
64208,1,0,0
64209,1,0,0
64210,1,0,0
64211,1,0,0
64212,1,0,0
64213,1,0,0
64214,1,0,0
64215,1,0,0
64216,1,0,0
64217,1,0,0
64218,1,0,0
64219,1,0,0
64220,1,0,0
64221,1,0,0
64222,1,0,0
64223,1,0,0
64224,1,0,0
64225,1,0,0
64226,1,0,0
64227,1,0,0
64228,1,0,0
64229,1,0,0
64230,1,0,0
64231,1,0,0
64232,1,0,0
64233,1,0,0
64234,1,0,0
64235,1,0,0
64236,1,0,0
64237,1,0,0
64238,1,0,0
64239,1,0,0
64240,1,0,0
64241,1,0,0
64242,1,0,0
64243,1,0,0
64244,1,0,0
64245,1,0,0
64246,1,0,0
64247,1,0,0
64248,1,0,0
64249,1,0,0
64250,1,0,0
64251,1,0,0
64252,1,0,0
64253,1,0,0
64254,1,0,0
64255,1,0,0
64256,1,0,0
64257,1,0,0
64258,1,0,0
64259,1,0,0
64260,1,0,0
64261,1,0,0
64262,1,0,0
64263,1,0,0
64264,1,0,0
64265,1,0,0
64266,1,0,0
64267,1,0,0
64268,1,0,0
64269,1,0,0
64270,1,0,0
64271,1,0,0
64272,1,0,0
64273,1,0,0
64274,1,0,0
64275,1,0,0
64276,1,0,0
64277,1,0,0
64278,1,0,0
64279,1,0,0
64280,1,0,0
64281,1,0,0
64282,1,0,0
64283,1,0,0
64284,1,0,0
64285,1,0,0
64286,1,0,0
64287,1,0,0
64288,1,0,0
64289,1,0,0
64290,1,0,0
64291,1,0,0
64292,1,0,0
64293,1,0,0
64294,1,0,0
64295,1,0,0
64296,1,0,0
64297,1,0,0
64298,1,0,0
64299,1,0,0
64300,1,0,0
64301,1,0,0
64302,1,0,0
64303,1,0,0
64304,1,0,0
64305,1,0,0
64306,1,0,0
64307,1,0,0
64308,1,0,0
64309,1,0,0
64310,1,0,0
64311,1,0,0
64312,1,0,0
64313,1,0,0
64314,1,0,0
64315,1,0,0
64316,1,0,0
64317,1,0,0
64318,1,0,0
64319,1,0,0
64320,1,0,0
64321,1,0,0
64322,1,0,0
64323,1,0,0
64324,1,0,0
64325,1,0,0
64326,1,0,0
64327,1,0,0
64328,1,0,0
64329,1,0,0
64330,1,0,0
64331,1,0,0
64332,1,0,0
64333,1,0,0
64334,1,0,0
64335,1,0,0
64336,1,0,0
64337,1,0,0
64338,1,0,0
64339,1,0,0
64340,1,0,0
64341,1,0,0
64342,1,0,0
64343,1,0,0
64344,1,0,0
64345,1,0,0
64346,1,0,0
64347,1,0,0
64348,1,0,0
64349,1,0,0
64350,1,0,0
64351,1,0,0
64352,1,0,0
64353,1,0,0
64354,1,0,0
64355,1,0,0
64356,1,0,0
64357,1,0,0
64358,1,0,0
64359,1,0,0
64360,1,0,0
64361,1,0,0
64362,1,0,0
64363,1,0,0
64364,1,0,0
64365,1,0,0
64366,1,0,0
64367,1,0,0
64368,1,0,0
64369,1,0,0
64370,1,0,0
64371,1,0,0
64372,1,0,0
64373,1,0,0
64374,1,0,0
64375,1,0,0
64376,1,0,0
64377,1,0,0
64378,1,0,0
64379,1,0,0
64380,1,0,0
64381,1,0,0
64382,1,0,0
64383,1,0,0
64384,1,0,0
64385,1,0,0
64386,1,0,0
64387,1,0,0
64388,1,0,0
64389,1,0,0
64390,1,0,0
64391,1,0,0
64392,1,0,0
64393,1,0,0
64394,1,0,0
64395,1,0,0
64396,1,0,0
64397,1,0,0
64398,1,0,0
64399,1,0,0
64400,1,0,0
64401,1,0,0
64402,1,0,0
64403,1,0,0
64404,1,0,0
64405,1,0,0
64406,1,0,0
64407,1,0,0
64408,1,0,0
64409,1,0,0
64410,1,0,0
64411,1,0,0
64412,1,0,0
64413,1,0,0
64414,1,0,0
64415,1,0,0
64416,1,0,0
64417,1,0,0
64418,1,0,0
64419,1,0,0
64420,1,0,0
64421,1,0,0
64422,1,0,0
64423,1,0,0
64424,1,0,0
64425,1,0,0
64426,1,0,0
64427,1,0,0
64428,1,0,0
64429,1,0,0
64430,1,0,0
64431,1,0,0
64432,1,0,0
64433,1,0,0
64434,1,0,0
64435,1,0,0
64436,1,0,0
64437,1,0,0
64438,1,0,0
64439,1,0,0
64440,1,0,0
64441,1,0,0
64442,1,0,0
64443,1,0,0
64444,1,0,0
64445,1,0,0
64446,1,0,0
64447,1,0,0
64448,1,0,0
64449,1,0,0
64450,1,0,0
64451,1,0,0
64452,1,0,0
64453,1,0,0
64454,1,0,0
64455,1,0,0
64456,1,0,0
64457,1,0,0
64458,1,0,0
64459,1,0,0
64460,1,0,0
64461,1,0,0
64462,1,0,0
64463,1,0,0
64464,1,0,0
64465,1,0,0
64466,1,0,0
64467,1,0,0
64468,1,0,0
64469,1,0,0
64470,1,0,0
64471,1,0,0
64472,1,0,0
64473,1,0,0
64474,1,0,0
64475,1,0,0
64476,1,0,0
64477,1,0,0
64478,1,0,0
64479,1,0,0
64480,1,0,0
64481,1,0,0
64482,1,0,0
64483,1,0,0
64484,1,0,0
64485,1,0,0
64486,1,0,0
64487,1,0,0
64488,1,0,0
64489,1,0,0
64490,1,0,0
64491,1,0,0
64492,1,0,0
64493,1,0,0
64494,1,0,0
64495,1,0,0
64496,1,0,0
64497,1,0,0
64498,1,0,0
64499,1,0,0
64500,1,0,0
64501,1,0,0
64502,1,0,0
64503,1,0,0
64504,1,0,0
64505,1,0,0
64506,1,0,0
64507,1,0,0
64508,1,0,0
64509,1,0,0
64510,1,0,0
64511,1,0,0
64512,1,0,0
64513,1,0,0
64514,1,0,0
64515,1,0,0
64516,1,0,0
64517,1,0,0
64518,1,0,0
64519,1,0,0
64520,1,0,0
64521,1,0,0
64522,1,0,0
64523,1,0,0
64524,1,0,0
64525,1,0,0
64526,1,0,0
64527,1,0,0
64528,1,0,0
64529,1,0,0
64530,1,0,0
64531,1,0,0
64532,1,0,0
64533,1,0,0
64534,1,0,0
64535,1,0,0
64536,1,0,0
64537,1,0,0
64538,1,0,0
64539,1,0,0
64540,1,0,0
64541,1,0,0
64542,1,0,0
64543,1,0,0
64544,1,0,0
64545,1,0,0
64546,1,0,0
64547,1,0,0
64548,1,0,0
64549,1,0,0
64550,1,0,0
64551,1,0,0
64552,1,0,0
64553,1,0,0
64554,1,0,0
64555,1,0,0
64556,1,0,0
64557,1,0,0
64558,1,0,0
64559,1,0,0
64560,1,0,0
64561,1,0,0
64562,1,0,0
64563,1,0,0
64564,1,0,0
64565,1,0,0
64566,1,0,0
64567,1,0,0
64568,1,0,0
64569,1,0,0
64570,1,0,0
64571,1,0,0
64572,1,0,0
64573,1,0,0
64574,1,0,0
64575,1,0,0
64576,1,0,0
64577,1,0,0
64578,1,0,0
64579,1,0,0
64580,1,0,0
64581,1,0,0
64582,1,0,0
64583,1,0,0
64584,1,0,0
64585,1,0,0
64586,1,0,0
64587,1,0,0
64588,1,0,0
64589,1,0,0
64590,1,0,0
64591,1,0,0
64592,1,0,0
64593,1,0,0
64594,1,0,0
64595,1,0,0
64596,1,0,0
64597,1,0,0
64598,1,0,0
64599,1,0,0
64600,1,0,0
64601,1,0,0
64602,1,0,0
64603,1,0,0
64604,1,0,0
64605,1,0,0
64606,1,0,0
64607,1,0,0
64608,1,0,0
64609,1,0,0
64610,1,0,0
64611,1,0,0
64612,1,0,0
64613,1,0,0
64614,1,0,0
64615,1,0,0
64616,1,0,0
64617,1,0,0
64618,1,0,0
64619,1,0,0
64620,1,0,0
64621,1,0,0
64622,1,0,0
64623,1,0,0
64624,1,0,0
64625,1,0,0
64626,1,0,0
64627,1,0,0
64628,1,0,0
64629,1,0,0
64630,1,0,0
64631,1,0,0
64632,1,0,0
64633,1,0,0
64634,1,0,0
64635,1,0,0
64636,1,0,0
64637,1,0,0
64638,1,0,0
64639,1,0,0
64640,1,0,0
64641,1,0,0
64642,1,0,0
64643,1,0,0
64644,1,0,0
64645,1,0,0
64646,1,0,0
64647,1,0,0
64648,1,0,0
64649,1,0,0
64650,1,0,0
64651,1,0,0
64652,1,0,0
64653,1,0,0
64654,1,0,0
64655,1,0,0
64656,1,0,0
64657,1,0,0
64658,1,0,0
64659,1,0,0
64660,1,0,0
64661,1,0,0
64662,1,0,0
64663,1,0,0
64664,1,0,0
64665,1,0,0
64666,1,0,0
64667,1,0,0
64668,1,0,0
64669,1,0,0
64670,1,0,0
64671,1,0,0
64672,1,0,0
64673,1,0,0
64674,1,0,0
64675,1,0,0
64676,1,0,0
64677,1,0,0
64678,1,0,0
64679,1,0,0
64680,1,0,0
64681,1,0,0
64682,1,0,0
64683,1,0,0
64684,1,0,0
64685,1,0,0
64686,1,0,0
64687,1,0,0
64688,1,0,0
64689,1,0,0
64690,1,0,0
64691,1,0,0
64692,1,0,0
64693,1,0,0
64694,1,0,0
64695,1,0,0
64696,1,0,0
64697,1,0,0
64698,1,0,0
64699,1,0,0
64700,1,0,0
64701,1,0,0
64702,1,0,0
64703,1,0,0
64704,1,0,0
64705,1,0,0
64706,1,0,0
64707,1,0,0
64708,1,0,0
64709,1,0,0
64710,1,0,0
64711,1,0,0
64712,1,0,0
64713,1,0,0
64714,1,0,0
64715,1,0,0
64716,1,0,0
64717,1,0,0
64718,1,0,0
64719,1,0,0
64720,1,0,0
64721,1,0,0
64722,1,0,0
64723,1,0,0
64724,1,0,0
64725,1,0,0
64726,1,0,0
64727,1,0,0
64728,1,0,0
64729,1,0,0
64730,1,0,0
64731,1,0,0
64732,1,0,0
64733,1,0,0
64734,1,0,0
64735,1,0,0
64736,1,0,0
64737,1,0,0
64738,1,0,0
64739,1,0,0
64740,1,0,0
64741,1,0,0
64742,1,0,0
64743,1,0,0
64744,1,0,0
64745,1,0,0
64746,1,0,0
64747,1,0,0
64748,1,0,0
64749,1,0,0
64750,1,0,0
64751,1,0,0
64752,1,0,0
64753,1,0,0
64754,1,0,0
64755,1,0,0
64756,1,0,0
64757,1,0,0
64758,1,0,0
64759,1,0,0
64760,1,0,0
64761,1,0,0
64762,1,0,0
64763,1,0,0
64764,1,0,0
64765,1,0,0
64766,1,0,0
64767,1,0,0
64768,1,0,0
64769,1,0,0
64770,1,0,0
64771,1,0,0
64772,1,0,0
64773,1,0,0
64774,1,0,0
64775,1,0,0
64776,1,0,0
64777,1,0,0
64778,1,0,0
64779,1,0,0
64780,1,0,0
64781,1,0,0
64782,1,0,0
64783,1,0,0
64784,1,0,0
64785,1,0,0
64786,1,0,0
64787,1,0,0
64788,1,0,0
64789,1,0,0
64790,1,0,0
64791,1,0,0
64792,1,0,0
64793,1,0,0
64794,1,0,0
64795,1,0,0
64796,1,0,0
64797,1,0,0
64798,1,0,0
64799,1,0,0
64800,1,0,0
64801,1,0,0
64802,1,0,0
64803,1,0,0
64804,1,0,0
64805,1,0,0
64806,1,0,0
64807,1,0,0
64808,1,0,0
64809,1,0,0
64810,1,0,0
64811,1,0,0
64812,1,0,0
64813,1,0,0
64814,1,0,0
64815,1,0,0
64816,1,0,0
64817,1,0,0
64818,1,0,0
64819,1,0,0
64820,1,0,0
64821,1,0,0
64822,1,0,0
64823,1,0,0
64824,1,0,0
64825,1,0,0
64826,1,0,0
64827,1,0,0
64828,1,0,0
64829,1,0,0
64830,1,0,0
64831,1,0,0
64832,1,0,0
64833,1,0,0
64834,1,0,0
64835,1,0,0
64836,1,0,0
64837,1,0,0
64838,1,0,0
64839,1,0,0
64840,1,0,0
64841,1,0,0
64842,1,0,0
64843,1,0,0
64844,1,0,0
64845,1,0,0
64846,1,0,0
64847,1,0,0
64848,1,0,0
64849,1,0,0
64850,1,0,0
64851,1,0,0
64852,1,0,0
64853,1,0,0
64854,1,0,0
64855,1,0,0
64856,1,0,0
64857,1,0,0
64858,1,0,0
64859,1,0,0
64860,1,0,0
64861,1,0,0
64862,1,0,0
64863,1,0,0
64864,1,0,0
64865,1,0,0
64866,1,0,0
64867,1,0,0
64868,1,0,0
64869,1,0,0
64870,1,0,0
64871,1,0,0
64872,1,0,0
64873,1,0,0
64874,1,0,0
64875,1,0,0
64876,1,0,0
64877,1,0,0
64878,1,0,0
64879,1,0,0
64880,1,0,0
64881,1,0,0
64882,1,0,0
64883,1,0,0
64884,1,0,0
64885,1,0,0
64886,1,0,0
64887,1,0,0
64888,1,0,0
64889,1,0,0
64890,1,0,0
64891,1,0,0
64892,1,0,0
64893,1,0,0
64894,1,0,0
64895,1,0,0
64896,1,0,0
64897,1,0,0
64898,1,0,0
64899,1,0,0
64900,1,0,0
64901,1,0,0
64902,1,0,0
64903,1,0,0
64904,1,0,0
64905,1,0,0
64906,1,0,0
64907,1,0,0
64908,1,0,0
64909,1,0,0
64910,1,0,0
64911,1,0,0
64912,1,0,0
64913,1,0,0
64914,1,0,0
64915,1,0,0
64916,1,0,0
64917,1,0,0
64918,1,0,0
64919,1,0,0
64920,1,0,0
64921,1,0,0
64922,1,0,0
64923,1,0,0
64924,1,0,0
64925,1,0,0
64926,1,0,0
64927,1,0,0
64928,1,0,0
64929,1,0,0
64930,1,0,0
64931,1,0,0
64932,1,0,0
64933,1,0,0
64934,1,0,0
64935,1,0,0
64936,1,0,0
64937,1,0,0
64938,1,0,0
64939,1,0,0
64940,1,0,0
64941,1,0,0
64942,1,0,0
64943,1,0,0
64944,1,0,0
64945,1,0,0
64946,1,0,0
64947,1,0,0
64948,1,0,0
64949,1,0,0
64950,1,0,0
64951,1,0,0
64952,1,0,0
64953,1,0,0
64954,1,0,0
64955,1,0,0
64956,1,0,0
64957,1,0,0
64958,1,0,0
64959,1,0,0
64960,1,0,0
64961,1,0,0
64962,1,0,0
64963,1,0,0
64964,1,0,0
64965,1,0,0
64966,1,0,0
64967,1,0,0
64968,1,0,0
64969,1,0,0
64970,1,0,0
64971,1,0,0
64972,1,0,0
64973,1,0,0
64974,1,0,0
64975,1,0,0
64976,1,0,0
64977,1,0,0
64978,1,0,0
64979,1,0,0
64980,1,0,0
64981,1,0,0
64982,1,0,0
64983,1,0,0
64984,1,0,0
64985,1,0,0
64986,1,0,0
64987,1,0,0
64988,1,0,0
64989,1,0,0
64990,1,0,0
64991,1,0,0
64992,1,0,0
64993,1,0,0
64994,1,0,0
64995,1,0,0
64996,1,0,0
64997,1,0,0
64998,1,0,0
64999,1,0,0
65000,1,0,0
65001,1,0,0
65002,1,0,0
65003,1,0,0
65004,1,0,0
65005,1,0,0
65006,1,0,0
65007,1,0,0
65008,1,0,0
65009,1,0,0
65010,1,0,0
65011,1,0,0
65012,1,0,0
65013,1,0,0
65014,1,0,0
65015,1,0,0
65016,1,0,0
65017,1,0,0
65018,1,0,0
65019,1,0,0
65020,1,0,0
65021,1,0,0
65022,1,0,0
65023,1,0,0
65024,1,0,0
65025,1,0,0
65026,1,0,0
65027,1,0,0
65028,1,0,0
65029,1,0,0
65030,1,0,0
65031,1,0,0
65032,1,0,0
65033,1,0,0
65034,1,0,0
65035,1,0,0
65036,1,0,0
65037,1,0,0
65038,1,0,0
65039,1,0,0
65040,1,0,0
65041,1,0,0
65042,1,0,0
65043,1,0,0
65044,1,0,0
65045,1,0,0
65046,1,0,0
65047,1,0,0
65048,1,0,0
65049,1,0,0
65050,1,0,0
65051,1,0,0
65052,1,0,0
65053,1,0,0
65054,1,0,0
65055,1,0,0
65056,1,0,0
65057,1,0,0
65058,1,0,0
65059,1,0,0
65060,1,0,0
65061,1,0,0
65062,1,0,0
65063,1,0,0
65064,1,0,0
65065,1,0,0
65066,1,0,0
65067,1,0,0
65068,1,0,0
65069,1,0,0
65070,1,0,0
65071,1,0,0
65072,1,0,0
65073,1,0,0
65074,1,0,0
65075,1,0,0
65076,1,0,0
65077,1,0,0
65078,1,0,0
65079,1,0,0
65080,1,0,0
65081,1,0,0
65082,1,0,0
65083,1,0,0
65084,1,0,0
65085,1,0,0
65086,1,0,0
65087,1,0,0
65088,1,0,0
65089,1,0,0
65090,1,0,0
65091,1,0,0
65092,1,0,0
65093,1,0,0
65094,1,0,0
65095,1,0,0
65096,1,0,0
65097,1,0,0
65098,1,0,0
65099,1,0,0
65100,1,0,0
65101,1,0,0
65102,1,0,0
65103,1,0,0
65104,1,0,0
65105,1,0,0
65106,1,0,0
65107,1,0,0
65108,1,0,0
65109,1,0,0
65110,1,0,0
65111,1,0,0
65112,1,0,0
65113,1,0,0
65114,1,0,0
65115,1,0,0
65116,1,0,0
65117,1,0,0
65118,1,0,0
65119,1,0,0
65120,1,0,0
65121,1,0,0
65122,1,0,0
65123,1,0,0
65124,1,0,0
65125,1,0,0
65126,1,0,0
65127,1,0,0
65128,1,0,0
65129,1,0,0
65130,1,0,0
65131,1,0,0
65132,1,0,0
65133,1,0,0
65134,1,0,0
65135,1,0,0
65136,1,0,0
65137,1,0,0
65138,1,0,0
65139,1,0,0
65140,1,0,0
65141,1,0,0
65142,1,0,0
65143,1,0,0
65144,1,0,0
65145,1,0,0
65146,1,0,0
65147,1,0,0
65148,1,0,0
65149,1,0,0
65150,1,0,0
65151,1,0,0
65152,1,0,0
65153,1,0,0
65154,1,0,0
65155,1,0,0
65156,1,0,0
65157,1,0,0
65158,1,0,0
65159,1,0,0
65160,1,0,0
65161,1,0,0
65162,1,0,0
65163,1,0,0
65164,1,0,0
65165,1,0,0
65166,1,0,0
65167,1,0,0
65168,1,0,0
65169,1,0,0
65170,1,0,0
65171,1,0,0
65172,1,0,0
65173,1,0,0
65174,1,0,0
65175,1,0,0
65176,1,0,0
65177,1,0,0
65178,1,0,0
65179,1,0,0
65180,1,0,0
65181,1,0,0
65182,1,0,0
65183,1,0,0
65184,1,0,0
65185,1,0,0
65186,1,0,0
65187,1,0,0
65188,1,0,0
65189,1,0,0
65190,1,0,0
65191,1,0,0
65192,1,0,0
65193,1,0,0
65194,1,0,0
65195,1,0,0
65196,1,0,0
65197,1,0,0
65198,1,0,0
65199,1,0,0
65200,1,0,0
65201,1,0,0
65202,1,0,0
65203,1,0,0
65204,1,0,0
65205,1,0,0
65206,1,0,0
65207,1,0,0
65208,1,0,0
65209,1,0,0
65210,1,0,0
65211,1,0,0
65212,1,0,0
65213,1,0,0
65214,1,0,0
65215,1,0,0
65216,1,0,0
65217,1,0,0
65218,1,0,0
65219,1,0,0
65220,1,0,0
65221,1,0,0
65222,1,0,0
65223,1,0,0
65224,1,0,0
65225,1,0,0
65226,1,0,0
65227,1,0,0
65228,1,0,0
65229,1,0,0
65230,1,0,0
65231,1,0,0
65232,1,0,0
65233,1,0,0
65234,1,0,0
65235,1,0,0
65236,1,0,0
65237,1,0,0
65238,1,0,0
65239,1,0,0
65240,1,0,0
65241,1,0,0
65242,1,0,0
65243,1,0,0
65244,1,0,0
65245,1,0,0
65246,1,0,0
65247,1,0,0
65248,1,0,0
65249,1,0,0
65250,1,0,0
65251,1,0,0
65252,1,0,0
65253,1,0,0
65254,1,0,0
65255,1,0,0
65256,1,0,0
65257,1,0,0
65258,1,0,0
65259,1,0,0
65260,1,0,0
65261,1,0,0
65262,1,0,0
65263,1,0,0
65264,1,0,0
65265,1,0,0
65266,1,0,0
65267,1,0,0
65268,1,0,0
65269,1,0,0
65270,1,0,0
65271,1,0,0
65272,1,0,0
65273,1,0,0
65274,1,0,0
65275,1,0,0
65276,1,0,0
65277,1,0,0
65278,1,0,0
65279,1,0,0
65280,1,0,0
65281,1,0,0
65282,1,0,0
65283,1,0,0
65284,1,0,0
65285,1,0,0
65286,1,0,0
65287,1,0,0
65288,1,0,0
65289,1,0,0
65290,1,0,0
65291,1,0,0
65292,1,0,0
65293,1,0,0
65294,1,0,0
65295,1,0,0
65296,1,0,0
65297,1,0,0
65298,1,0,0
65299,1,0,0
65300,1,0,0
65301,1,0,0
65302,1,0,0
65303,1,0,0
65304,1,0,0
65305,1,0,0
65306,1,0,0
65307,1,0,0
65308,1,0,0
65309,1,0,0
65310,1,0,0
65311,1,0,0
65312,1,0,0
65313,1,0,0
65314,1,0,0
65315,1,0,0
65316,1,0,0
65317,1,0,0
65318,1,0,0
65319,1,0,0
65320,1,0,0
65321,1,0,0
65322,1,0,0
65323,1,0,0
65324,1,0,0
65325,1,0,0
65326,1,0,0
65327,1,0,0
65328,1,0,0
65329,1,0,0
65330,1,0,0
65331,1,0,0
65332,1,0,0
65333,1,0,0
65334,1,0,0
65335,1,0,0
65336,1,0,0
65337,1,0,0
65338,1,0,0
65339,1,0,0
65340,1,0,0
65341,1,0,0
65342,1,0,0
65343,1,0,0
65344,1,0,0
65345,1,0,0
65346,1,0,0
65347,1,0,0
65348,1,0,0
65349,1,0,0
65350,1,0,0
65351,1,0,0
65352,1,0,0
65353,1,0,0
65354,1,0,0
65355,1,0,0
65356,1,0,0
65357,1,0,0
65358,1,0,0
65359,1,0,0
65360,1,0,0
65361,1,0,0
65362,1,0,0
65363,1,0,0
65364,1,0,0
65365,1,0,0
65366,1,0,0
65367,1,0,0
65368,1,0,0
65369,1,0,0
65370,1,0,0
65371,1,0,0
65372,1,0,0
65373,1,0,0
65374,1,0,0
65375,1,0,0
65376,1,0,0
65377,1,0,0
65378,1,0,0
65379,1,0,0
65380,1,0,0
65381,1,0,0
65382,1,0,0
65383,1,0,0
65384,1,0,0
65385,1,0,0
65386,1,0,0
65387,1,0,0
65388,1,0,0
65389,1,0,0
65390,1,0,0
65391,1,0,0
65392,1,0,0
65393,1,0,0
65394,1,0,0
65395,1,0,0
65396,1,0,0
65397,1,0,0
65398,1,0,0
65399,1,0,0
65400,1,0,0
65401,1,0,0
65402,1,0,0
65403,1,0,0
65404,1,0,0
65405,1,0,0
65406,1,0,0
65407,1,0,0
65408,1,0,0
65409,1,0,0
65410,1,0,0
65411,1,0,0
65412,1,0,0
65413,1,0,0
65414,1,0,0
65415,1,0,0
65416,1,0,0
65417,1,0,0
65418,1,0,0
65419,1,0,0
65420,1,0,0
65421,1,0,0
65422,1,0,0
65423,1,0,0
65424,1,0,0
65425,1,0,0
65426,1,0,0
65427,1,0,0
65428,1,0,0
65429,1,0,0
65430,1,0,0
65431,1,0,0
65432,1,0,0
65433,1,0,0
65434,1,0,0
65435,1,0,0
65436,1,0,0
65437,1,0,0
65438,1,0,0
65439,1,0,0
65440,1,0,0
65441,1,0,0
65442,1,0,0
65443,1,0,0
65444,1,0,0
65445,1,0,0
65446,1,0,0
65447,1,0,0
65448,1,0,0
65449,1,0,0
65450,1,0,0
65451,1,0,0
65452,1,0,0
65453,1,0,0
65454,1,0,0
65455,1,0,0
65456,1,0,0
65457,1,0,0
65458,1,0,0
65459,1,0,0
65460,1,0,0
65461,1,0,0
65462,1,0,0
65463,1,0,0
65464,1,0,0
65465,1,0,0
65466,1,0,0
65467,1,0,0
65468,1,0,0
65469,1,0,0
65470,1,0,0
65471,1,0,0
65472,1,0,0
65473,1,0,0
65474,1,0,0
65475,1,0,0
65476,1,0,0
65477,1,0,0
65478,1,0,0
65479,1,0,0
65480,1,0,0
65481,1,0,0
65482,1,0,0
65483,1,0,0
65484,1,0,0
65485,1,0,0
65486,1,0,0
65487,1,0,0
65488,1,0,0
65489,1,0,0
65490,1,0,0
65491,1,0,0
65492,1,0,0
65493,1,0,0
65494,1,0,0
65495,1,0,0
65496,1,0,0
65497,1,0,0
65498,1,0,0
65499,1,0,0
65500,1,0,0
65501,1,0,0
65502,1,0,0
65503,1,0,0
65504,1,0,0
65505,1,0,0
65506,1,0,0
65507,1,0,0
65508,1,0,0
65509,1,0,0
65510,1,0,0
65511,1,0,0
65512,1,0,0
65513,1,0,0
65514,1,0,0
65515,1,0,0
65516,1,0,0
65517,1,0,0
65518,1,0,0
65519,1,0,0
65520,1,0,0
65521,1,0,0
65522,1,0,0
65523,1,0,0
65524,1,0,0
65525,1,0,0
65526,1,0,0
65527,1,0,0
65528,1,0,0
65529,1,0,0
65530,1,0,0
65531,1,0,0
65532,1,0,0
65533,1,0,0
65534,1,0,0
65535,1,0,0
65536,1,0,0
65537,1,0,0
65538,1,0,0
65539,1,0,0
65540,1,0,0
65541,1,0,0
65542,1,0,0
65543,1,0,0
65544,1,0,0
65545,1,0,0
65546,1,0,0
65547,1,0,0
65548,1,0,0
65549,1,0,0
65550,1,0,0
65551,1,0,0
65552,1,0,0
65553,1,0,0
65554,1,0,0
65555,1,0,0
65556,1,0,0
65557,1,0,0
65558,1,0,0
65559,1,0,0
65560,1,0,0
65561,1,0,0
65562,1,0,0
65563,1,0,0
65564,1,0,0
65565,1,0,0
65566,1,0,0
65567,1,0,0
65568,1,0,0
65569,1,0,0
65570,1,0,0
65571,1,0,0
65572,1,0,0
65573,1,0,0
65574,1,0,0
65575,1,0,0
65576,1,0,0
65577,1,0,0
65578,1,0,0
65579,1,0,0
65580,1,0,0
65581,1,0,0
65582,1,0,0
65583,1,0,0
65584,1,0,0
65585,1,0,0
65586,1,0,0
65587,1,0,0
65588,1,0,0
65589,1,0,0
65590,1,0,0
65591,1,0,0
65592,1,0,0
65593,1,0,0
65594,1,0,0
65595,1,0,0
65596,1,0,0
65597,1,0,0
65598,1,0,0
65599,1,0,0
65600,1,0,0
65601,1,0,0
65602,1,0,0
65603,1,0,0
65604,1,0,0
65605,1,0,0
65606,1,0,0
65607,1,0,0
65608,1,0,0
65609,1,0,0
65610,1,0,0
65611,1,0,0
65612,1,0,0
65613,1,0,0
65614,1,0,0
65615,1,0,0
65616,1,0,0
65617,1,0,0
65618,1,0,0
65619,1,0,0
65620,1,0,0
65621,1,0,0
65622,1,0,0
65623,1,0,0
65624,1,0,0
65625,1,0,0
65626,1,0,0
65627,1,0,0
65628,1,0,0
65629,1,0,0
65630,1,0,0
65631,1,0,0
65632,1,0,0
65633,1,0,0
65634,1,0,0
65635,1,0,0
65636,1,0,0
65637,1,0,0
65638,1,0,0
65639,1,0,0
65640,1,0,0
65641,1,0,0
65642,1,0,0
65643,1,0,0
65644,1,0,0
65645,1,0,0
65646,1,0,0
65647,1,0,0
65648,1,0,0
65649,1,0,0
65650,1,0,0
65651,1,0,0
65652,1,0,0
65653,1,0,0
65654,1,0,0
65655,1,0,0
65656,1,0,0
65657,1,0,0
65658,1,0,0
65659,1,0,0
65660,1,0,0
65661,1,0,0
65662,1,0,0
65663,1,0,0
65664,1,0,0
65665,1,0,0
65666,1,0,0
65667,1,0,0
65668,1,0,0
65669,1,0,0
65670,1,0,0
65671,1,0,0
65672,1,0,0
65673,1,0,0
65674,1,0,0
65675,1,0,0
65676,1,0,0
65677,1,0,0
65678,1,0,0
65679,1,0,0
65680,1,0,0
65681,1,0,0
65682,1,0,0
65683,1,0,0
65684,1,0,0
65685,1,0,0
65686,1,0,0
65687,1,0,0
65688,1,0,0
65689,1,0,0
65690,1,0,0
65691,1,0,0
65692,1,0,0
65693,1,0,0
65694,1,0,0
65695,1,0,0
65696,1,0,0
65697,1,0,0
65698,1,0,0
65699,1,0,0
65700,1,0,0
65701,1,0,0
65702,1,0,0
65703,1,0,0
65704,1,0,0
65705,1,0,0
65706,1,0,0
65707,1,0,0
65708,1,0,0
65709,1,0,0
65710,1,0,0
65711,1,0,0
65712,1,0,0
65713,1,0,0
65714,1,0,0
65715,1,0,0
65716,1,0,0
65717,1,0,0
65718,1,0,0
65719,1,0,0
65720,1,0,0
65721,1,0,0
65722,1,0,0
65723,1,0,0
65724,1,0,0
65725,1,0,0
65726,1,0,0
65727,1,0,0
65728,1,0,0
65729,1,0,0
65730,1,0,0
65731,1,0,0
65732,1,0,0
65733,1,0,0
65734,1,0,0
65735,1,0,0
65736,1,0,0
65737,1,0,0
65738,1,0,0
65739,1,0,0
65740,1,0,0
65741,1,0,0
65742,1,0,0
65743,1,0,0
65744,1,0,0
65745,1,0,0
65746,1,0,0
65747,1,0,0
65748,1,0,0
65749,1,0,0
65750,1,0,0
65751,1,0,0
65752,1,0,0
65753,1,0,0
65754,1,0,0
65755,1,0,0
65756,1,0,0
65757,1,0,0
65758,1,0,0
65759,1,0,0
65760,1,0,0
65761,1,0,0
65762,1,0,0
65763,1,0,0
65764,1,0,0
65765,1,0,0
65766,1,0,0
65767,1,0,0
65768,1,0,0
65769,1,0,0
65770,1,0,0
65771,1,0,0
65772,1,0,0
65773,1,0,0
65774,1,0,0
65775,1,0,0
65776,1,0,0
65777,1,0,0
65778,1,0,0
65779,1,0,0
65780,1,0,0
65781,1,0,0
65782,1,0,0
65783,1,0,0
65784,1,0,0
65785,1,0,0
65786,1,0,0
65787,1,0,0
65788,1,0,0
65789,1,0,0
65790,1,0,0
65791,1,0,0
65792,1,0,0
65793,1,0,0
65794,1,0,0
65795,1,0,0
65796,1,0,0
65797,1,0,0
65798,1,0,0
65799,1,0,0
65800,1,0,0
65801,1,0,0
65802,1,0,0
65803,1,0,0
65804,1,0,0
65805,1,0,0
65806,1,0,0
65807,1,0,0
65808,1,0,0
65809,1,0,0
65810,1,0,0
65811,1,0,0
65812,1,0,0
65813,1,0,0
65814,1,0,0
65815,1,0,0
65816,1,0,0
65817,1,0,0
65818,1,0,0
65819,1,0,0
65820,1,0,0
65821,1,0,0
65822,1,0,0
65823,1,0,0
65824,1,0,0
65825,1,0,0
65826,1,0,0
65827,1,0,0
65828,1,0,0
65829,1,0,0
65830,1,0,0
65831,1,0,0
65832,1,0,0
65833,1,0,0
65834,1,0,0
65835,1,0,0
65836,1,0,0
65837,1,0,0
65838,1,0,0
65839,1,0,0
65840,1,0,0
65841,1,0,0
65842,1,0,0
65843,1,0,0
65844,1,0,0
65845,1,0,0
65846,1,0,0
65847,1,0,0
65848,1,0,0
65849,1,0,0
65850,1,0,0
65851,1,0,0
65852,1,0,0
65853,1,0,0
65854,1,0,0
65855,1,0,0
65856,1,0,0
65857,1,0,0
65858,1,0,0
65859,1,0,0
65860,1,0,0
65861,1,0,0
65862,1,0,0
65863,1,0,0
65864,1,0,0
65865,1,0,0
65866,1,0,0
65867,1,0,0
65868,1,0,0
65869,1,0,0
65870,1,0,0
65871,1,0,0
65872,1,0,0
65873,1,0,0
65874,1,0,0
65875,1,0,0
65876,1,0,0
65877,1,0,0
65878,1,0,0
65879,1,0,0
65880,1,0,0
65881,1,0,0
65882,1,0,0
65883,1,0,0
65884,1,0,0
65885,1,0,0
65886,1,0,0
65887,1,0,0
65888,1,0,0
65889,1,0,0
65890,1,0,0
65891,1,0,0
65892,1,0,0
65893,1,0,0
65894,1,0,0
65895,1,0,0
65896,1,0,0
65897,1,0,0
65898,1,0,0
65899,1,0,0
65900,1,0,0
65901,1,0,0
65902,1,0,0
65903,1,0,0
65904,1,0,0
65905,1,0,0
65906,1,0,0
65907,1,0,0
65908,1,0,0
65909,1,0,0
65910,1,0,0
65911,1,0,0
65912,1,0,0
65913,1,0,0
65914,1,0,0
65915,1,0,0
65916,1,0,0
65917,1,0,0
65918,1,0,0
65919,1,0,0
65920,1,0,0
65921,1,0,0
65922,1,0,0
65923,1,0,0
65924,1,0,0
65925,1,0,0
65926,1,0,0
65927,1,0,0
65928,1,0,0
65929,1,0,0
65930,1,0,0
65931,1,0,0
65932,1,0,0
65933,1,0,0
65934,1,0,0
65935,1,0,0
65936,1,0,0
65937,1,0,0
65938,1,0,0
65939,1,0,0
65940,1,0,0
65941,1,0,0
65942,1,0,0
65943,1,0,0
65944,1,0,0
65945,1,0,0
65946,1,0,0
65947,1,0,0
65948,1,0,0
65949,1,0,0
65950,1,0,0
65951,1,0,0
65952,1,0,0
65953,1,0,0
65954,1,0,0
65955,1,0,0
65956,1,0,0
65957,1,0,0
65958,1,0,0
65959,1,0,0
65960,1,0,0
65961,1,0,0
65962,1,0,0
65963,1,0,0
65964,1,0,0
65965,1,0,0
65966,1,0,0
65967,1,0,0
65968,1,0,0
65969,1,0,0
65970,1,0,0
65971,1,0,0
65972,1,0,0
65973,1,0,0
65974,1,0,0
65975,1,0,0
65976,1,0,0
65977,1,0,0
65978,1,0,0
65979,1,0,0
65980,1,0,0
65981,1,0,0
65982,1,0,0
65983,1,0,0
65984,1,0,0
65985,1,0,0
65986,1,0,0
65987,1,0,0
65988,1,0,0
65989,1,0,0
65990,1,0,0
65991,1,0,0
65992,1,0,0
65993,1,0,0
65994,1,0,0
65995,1,0,0
65996,1,0,0
65997,1,0,0
65998,1,0,0
65999,1,0,0
66000,1,0,0
66001,1,0,0
66002,1,0,0
66003,1,0,0
66004,1,0,0
66005,1,0,0
66006,1,0,0
66007,1,0,0
66008,1,0,0
66009,1,0,0
66010,1,0,0
66011,1,0,0
66012,1,0,0
66013,1,0,0
66014,1,0,0
66015,1,0,0
66016,1,0,0
66017,1,0,0
66018,1,0,0
66019,1,0,0
66020,1,0,0
66021,1,0,0
66022,1,0,0
66023,1,0,0
66024,1,0,0
66025,1,0,0
66026,1,0,0
66027,1,0,0
66028,1,0,0
66029,1,0,0
66030,1,0,0
66031,1,0,0
66032,1,0,0
66033,1,0,0
66034,1,0,0
66035,1,0,0
66036,1,0,0
66037,1,0,0
66038,1,0,0
66039,1,0,0
66040,1,0,0
66041,1,0,0
66042,1,0,0
66043,1,0,0
66044,1,0,0
66045,1,0,0
66046,1,0,0
66047,1,0,0
66048,1,0,0
66049,1,0,0
66050,1,0,0
66051,1,0,0
66052,1,0,0
66053,1,0,0
66054,1,0,0
66055,1,0,0
66056,1,0,0
66057,1,0,0
66058,1,0,0
66059,1,0,0
66060,1,0,0
66061,1,0,0
66062,1,0,0
66063,1,0,0
66064,1,0,0
66065,1,0,0
66066,1,0,0
66067,1,0,0
66068,1,0,0
66069,1,0,0
66070,1,0,0
66071,1,0,0
66072,1,0,0
66073,1,0,0
66074,1,0,0
66075,1,0,0
66076,1,0,0
66077,1,0,0
66078,1,0,0
66079,1,0,0
66080,1,0,0
66081,1,0,0
66082,1,0,0
66083,1,0,0
66084,1,0,0
66085,1,0,0
66086,1,0,0
66087,1,0,0
66088,1,0,0
66089,1,0,0
66090,1,0,0
66091,1,0,0
66092,1,0,0
66093,1,0,0
66094,1,0,0
66095,1,0,0
66096,1,0,0
66097,1,0,0
66098,1,0,0
66099,1,0,0
66100,1,0,0
66101,1,0,0
66102,1,0,0
66103,1,0,0
66104,1,0,0
66105,1,0,0
66106,1,0,0
66107,1,0,0
66108,1,0,0
66109,1,0,0
66110,1,0,0
66111,1,0,0
66112,1,0,0
66113,1,0,0
66114,1,0,0
66115,1,0,0
66116,1,0,0
66117,1,0,0
66118,1,0,0
66119,1,0,0
66120,1,0,0
66121,1,0,0
66122,1,0,0
66123,1,0,0
66124,1,0,0
66125,1,0,0
66126,1,0,0
66127,1,0,0
66128,1,0,0
66129,1,0,0
66130,1,0,0
66131,1,0,0
66132,1,0,0
66133,1,0,0
66134,1,0,0
66135,1,0,0
66136,1,0,0
66137,1,0,0
66138,1,0,0
66139,1,0,0
66140,1,0,0
66141,1,0,0
66142,1,0,0
66143,1,0,0
66144,1,0,0
66145,1,0,0
66146,1,0,0
66147,1,0,0
66148,1,0,0
66149,1,0,0
66150,1,0,0
66151,1,0,0
66152,1,0,0
66153,1,0,0
66154,1,0,0
66155,1,0,0
66156,1,0,0
66157,1,0,0
66158,1,0,0
66159,1,0,0
66160,1,0,0
66161,1,0,0
66162,1,0,0
66163,1,0,0
66164,1,0,0
66165,1,0,0
66166,1,0,0
66167,1,0,0
66168,1,0,0
66169,1,0,0
66170,1,0,0
66171,1,0,0
66172,1,0,0
66173,1,0,0
66174,1,0,0
66175,1,0,0
66176,1,0,0
66177,1,0,0
66178,1,0,0
66179,1,0,0
66180,1,0,0
66181,1,0,0
66182,1,0,0
66183,1,0,0
66184,1,0,0
66185,1,0,0
66186,1,0,0
66187,1,0,0
66188,1,0,0
66189,1,0,0
66190,1,0,0
66191,1,0,0
66192,1,0,0
66193,1,0,0
66194,1,0,0
66195,1,0,0
66196,1,0,0
66197,1,0,0
66198,1,0,0
66199,1,0,0
66200,1,0,0
66201,1,0,0
66202,1,0,0
66203,1,0,0
66204,1,0,0
66205,1,0,0
66206,1,0,0
66207,1,0,0
66208,1,0,0
66209,1,0,0
66210,1,0,0
66211,1,0,0
66212,1,0,0
66213,1,0,0
66214,1,0,0
66215,1,0,0
66216,1,0,0
66217,1,0,0
66218,1,0,0
66219,1,0,0
66220,1,0,0
66221,1,0,0
66222,1,0,0
66223,1,0,0
66224,1,0,0
66225,1,0,0
66226,1,0,0
66227,1,0,0
66228,1,0,0
66229,1,0,0
66230,1,0,0
66231,1,0,0
66232,1,0,0
66233,1,0,0
66234,1,0,0
66235,1,0,0
66236,1,0,0
66237,1,0,0
66238,1,0,0
66239,1,0,0
66240,1,0,0
66241,1,0,0
66242,1,0,0
66243,1,0,0
66244,1,0,0
66245,1,0,0
66246,1,0,0
66247,1,0,0
66248,1,0,0
66249,1,0,0
66250,1,0,0
66251,1,0,0
66252,1,0,0
66253,1,0,0
66254,1,0,0
66255,1,0,0
66256,1,0,0
66257,1,0,0
66258,1,0,0
66259,1,0,0
66260,1,0,0
66261,1,0,0
66262,1,0,0
66263,1,0,0
66264,1,0,0
66265,1,0,0
66266,1,0,0
66267,1,0,0
66268,1,0,0
66269,1,0,0
66270,1,0,0
66271,1,0,0
66272,1,0,0
66273,1,0,0
66274,1,0,0
66275,1,0,0
66276,1,0,0
66277,1,0,0
66278,1,0,0
66279,1,0,0
66280,1,0,0
66281,1,0,0
66282,1,0,0
66283,1,0,0
66284,1,0,0
66285,1,0,0
66286,1,0,0
66287,1,0,0
66288,1,0,0
66289,1,0,0
66290,1,0,0
66291,1,0,0
66292,1,0,0
66293,1,0,0
66294,1,0,0
66295,1,0,0
66296,1,0,0
66297,1,0,0
66298,1,0,0
66299,1,0,0
66300,1,0,0
66301,1,0,0
66302,1,0,0
66303,1,0,0
66304,1,0,0
66305,1,0,0
66306,1,0,0
66307,1,0,0
66308,1,0,0
66309,1,0,0
66310,1,0,0
66311,1,0,0
66312,1,0,0
66313,1,0,0
66314,1,0,0
66315,1,0,0
66316,1,0,0
66317,1,0,0
66318,1,0,0
66319,1,0,0
66320,1,0,0
66321,1,0,0
66322,1,0,0
66323,1,0,0
66324,1,0,0
66325,1,0,0
66326,1,0,0
66327,1,0,0
66328,1,0,0
66329,1,0,0
66330,1,0,0
66331,1,0,0
66332,1,0,0
66333,1,0,0
66334,1,0,0
66335,1,0,0
66336,1,0,0
66337,1,0,0
66338,1,0,0
66339,1,0,0
66340,1,0,0
66341,1,0,0
66342,1,0,0
66343,1,0,0
66344,1,0,0
66345,1,0,0
66346,1,0,0
66347,1,0,0
66348,1,0,0
66349,1,0,0
66350,1,0,0
66351,1,0,0
66352,1,0,0
66353,1,0,0
66354,1,0,0
66355,1,0,0
66356,1,0,0
66357,1,0,0
66358,1,0,0
66359,1,0,0
66360,1,0,0
66361,1,0,0
66362,1,0,0
66363,1,0,0
66364,1,0,0
66365,1,0,0
66366,1,0,0
66367,1,0,0
66368,1,0,0
66369,1,0,0
66370,1,0,0
66371,1,0,0
66372,1,0,0
66373,1,0,0
66374,1,0,0
66375,1,0,0
66376,1,0,0
66377,1,0,0
66378,1,0,0
66379,1,0,0
66380,1,0,0
66381,1,0,0
66382,1,0,0
66383,1,0,0
66384,1,0,0
66385,1,0,0
66386,1,0,0
66387,1,0,0
66388,1,0,0
66389,1,0,0
66390,1,0,0
66391,1,0,0
66392,1,0,0
66393,1,0,0
66394,1,0,0
66395,1,0,0
66396,1,0,0
66397,1,0,0
66398,1,0,0
66399,1,0,0
66400,1,0,0
66401,1,0,0
66402,1,0,0
66403,1,0,0
66404,1,0,0
66405,1,0,0
66406,1,0,0
66407,1,0,0
66408,1,0,0
66409,1,0,0
66410,1,0,0
66411,1,0,0
66412,1,0,0
66413,1,0,0
66414,1,0,0
66415,1,0,0
66416,1,0,0
66417,1,0,0
66418,1,0,0
66419,1,0,0
66420,1,0,0
66421,1,0,0
66422,1,0,0
66423,1,0,0
66424,1,0,0
66425,1,0,0
66426,1,0,0
66427,1,0,0
66428,1,0,0
66429,1,0,0
66430,1,0,0
66431,1,0,0
66432,1,0,0
66433,1,0,0
66434,1,0,0
66435,1,0,0
66436,1,0,0
66437,1,0,0
66438,1,0,0
66439,1,0,0
66440,1,0,0
66441,1,0,0
66442,1,0,0
66443,1,0,0
66444,1,0,0
66445,1,0,0
66446,1,0,0
66447,1,0,0
66448,1,0,0
66449,1,0,0
66450,1,0,0
66451,1,0,0
66452,1,0,0
66453,1,0,0
66454,1,0,0
66455,1,0,0
66456,1,0,0
66457,1,0,0
66458,1,0,0
66459,1,0,0
66460,1,0,0
66461,1,0,0
66462,1,0,0
66463,1,0,0
66464,1,0,0
66465,1,0,0
66466,1,0,0
66467,1,0,0
66468,1,0,0
66469,1,0,0
66470,1,0,0
66471,1,0,0
66472,1,0,0
66473,1,0,0
66474,1,0,0
66475,1,0,0
66476,1,0,0
66477,1,0,0
66478,1,0,0
66479,1,0,0
66480,1,0,0
66481,1,0,0
66482,1,0,0
66483,1,0,0
66484,1,0,0
66485,1,0,0
66486,1,0,0
66487,1,0,0
66488,1,0,0
66489,1,0,0
66490,1,0,0
66491,1,0,0
66492,1,0,0
66493,1,0,0
66494,1,0,0
66495,1,0,0
66496,1,0,0
66497,1,0,0
66498,1,0,0
66499,1,0,0
66500,1,0,0
66501,1,0,0
66502,1,0,0
66503,1,0,0
66504,1,0,0
66505,1,0,0
66506,1,0,0
66507,1,0,0
66508,1,0,0
66509,1,0,0
66510,1,0,0
66511,1,0,0
66512,1,0,0
66513,1,0,0
66514,1,0,0
66515,1,0,0
66516,1,0,0
66517,1,0,0
66518,1,0,0
66519,1,0,0
66520,1,0,0
66521,1,0,0
66522,1,0,0
66523,1,0,0
66524,1,0,0
66525,1,0,0
66526,1,0,0
66527,1,0,0
66528,1,0,0
66529,1,0,0
66530,1,0,0
66531,1,0,0
66532,1,0,0
66533,1,0,0
66534,1,0,0
66535,1,0,0
66536,1,0,0
66537,1,0,0
66538,1,0,0
66539,1,0,0
66540,1,0,0
66541,1,0,0
66542,1,0,0
66543,1,0,0
66544,1,0,0
66545,1,0,0
66546,1,0,0
66547,1,0,0
66548,1,0,0
66549,1,0,0
66550,1,0,0
66551,1,0,0
66552,1,0,0
66553,1,0,0
66554,1,0,0
66555,1,0,0
66556,1,0,0
66557,1,0,0
66558,1,0,0
66559,1,0,0
66560,1,0,0
66561,1,0,0
66562,1,0,0
66563,1,0,0
66564,1,0,0
66565,1,0,0
66566,1,0,0
66567,1,0,0
66568,1,0,0
66569,1,0,0
66570,1,0,0
66571,1,0,0
66572,1,0,0
66573,1,0,0
66574,1,0,0
66575,1,0,0
66576,1,0,0
66577,1,0,0
66578,1,0,0
66579,1,0,0
66580,1,0,0
66581,1,0,0
66582,1,0,0
66583,1,0,0
66584,1,0,0
66585,1,0,0
66586,1,0,0
66587,1,0,0
66588,1,0,0
66589,1,0,0
66590,1,0,0
66591,1,0,0
66592,1,0,0
66593,1,0,0
66594,1,0,0
66595,1,0,0
66596,1,0,0
66597,1,0,0
66598,1,0,0
66599,1,0,0
66600,1,0,0
66601,1,0,0
66602,1,0,0
66603,1,0,0
66604,1,0,0
66605,1,0,0
66606,1,0,0
66607,1,0,0
66608,1,0,0
66609,1,0,0
66610,1,0,0
66611,1,0,0
66612,1,0,0
66613,1,0,0
66614,1,0,0
66615,1,0,0
66616,1,0,0
66617,1,0,0
66618,1,0,0
66619,1,0,0
66620,1,0,0
66621,1,0,0
66622,1,0,0
66623,1,0,0
66624,1,0,0
66625,1,0,0
66626,1,0,0
66627,1,0,0
66628,1,0,0
66629,1,0,0
66630,1,0,0
66631,1,0,0
66632,1,0,0
66633,1,0,0
66634,1,0,0
66635,1,0,0
66636,1,0,0
66637,1,0,0
66638,1,0,0
66639,1,0,0
66640,1,0,0
66641,1,0,0
66642,1,0,0
66643,1,0,0
66644,1,0,0
66645,1,0,0
66646,1,0,0
66647,1,0,0
66648,1,0,0
66649,1,0,0
66650,1,0,0
66651,1,0,0
66652,1,0,0
66653,1,0,0
66654,1,0,0
66655,1,0,0
66656,1,0,0
66657,1,0,0
66658,1,0,0
66659,1,0,0
66660,1,0,0
66661,1,0,0
66662,1,0,0
66663,1,0,0
66664,1,0,0
66665,1,0,0
66666,1,0,0
66667,1,0,0
66668,1,0,0
66669,1,0,0
66670,1,0,0
66671,1,0,0
66672,1,0,0
66673,1,0,0
66674,1,0,0
66675,1,0,0
66676,1,0,0
66677,1,0,0
66678,1,0,0
66679,1,0,0
66680,1,0,0
66681,1,0,0
66682,1,0,0
66683,1,0,0
66684,1,0,0
66685,1,0,0
66686,1,0,0
66687,1,0,0
66688,1,0,0
66689,1,0,0
66690,1,0,0
66691,1,0,0
66692,1,0,0
66693,1,0,0
66694,1,0,0
66695,1,0,0
66696,1,0,0
66697,1,0,0
66698,1,0,0
66699,1,0,0
66700,1,0,0
66701,1,0,0
66702,1,0,0
66703,1,0,0
66704,1,0,0
66705,1,0,0
66706,1,0,0
66707,1,0,0
66708,1,0,0
66709,1,0,0
66710,1,0,0
66711,1,0,0
66712,1,0,0
66713,1,0,0
66714,1,0,0
66715,1,0,0
66716,1,0,0
66717,1,0,0
66718,1,0,0
66719,1,0,0
66720,1,0,0
66721,1,0,0
66722,1,0,0
66723,1,0,0
66724,1,0,0
66725,1,0,0
66726,1,0,0
66727,1,0,0
66728,1,0,0
66729,1,0,0
66730,1,0,0
66731,1,0,0
66732,1,0,0
66733,1,0,0
66734,1,0,0
66735,1,0,0
66736,1,0,0
66737,1,0,0
66738,1,0,0
66739,1,0,0
66740,1,0,0
66741,1,0,0
66742,1,0,0
66743,1,0,0
66744,1,0,0
66745,1,0,0
66746,1,0,0
66747,1,0,0
66748,1,0,0
66749,1,0,0
66750,1,0,0
66751,1,0,0
66752,1,0,0
66753,1,0,0
66754,1,0,0
66755,1,0,0
66756,1,0,0
66757,1,0,0
66758,1,0,0
66759,1,0,0
66760,1,0,0
66761,1,0,0
66762,1,0,0
66763,1,0,0
66764,1,0,0
66765,1,0,0
66766,1,0,0
66767,1,0,0
66768,1,0,0
66769,1,0,0
66770,1,0,0
66771,1,0,0
66772,1,0,0
66773,1,0,0
66774,1,0,0
66775,1,0,0
66776,1,0,0
66777,1,0,0
66778,1,0,0
66779,1,0,0
66780,1,0,0
66781,1,0,0
66782,1,0,0
66783,1,0,0
66784,1,0,0
66785,1,0,0
66786,1,0,0
66787,1,0,0
66788,1,0,0
66789,1,0,0
66790,1,0,0
66791,1,0,0
66792,1,0,0
66793,1,0,0
66794,1,0,0
66795,1,0,0
66796,1,0,0
66797,1,0,0
66798,1,0,0
66799,1,0,0
66800,1,0,0
66801,1,0,0
66802,1,0,0
66803,1,0,0
66804,1,0,0
66805,1,0,0
66806,1,0,0
66807,1,0,0
66808,1,0,0
66809,1,0,0
66810,1,0,0
66811,1,0,0
66812,1,0,0
66813,1,0,0
66814,1,0,0
66815,1,0,0
66816,1,0,0
66817,1,0,0
66818,1,0,0
66819,1,0,0
66820,1,0,0
66821,1,0,0
66822,1,0,0
66823,1,0,0
66824,1,0,0
66825,1,0,0
66826,1,0,0
66827,1,0,0
66828,1,0,0
66829,1,0,0
66830,1,0,0
66831,1,0,0
66832,1,0,0
66833,1,0,0
66834,1,0,0
66835,1,0,0
66836,1,0,0
66837,1,0,0
66838,1,0,0
66839,1,0,0
66840,1,0,0
66841,1,0,0
66842,1,0,0
66843,1,0,0
66844,1,0,0
66845,1,0,0
66846,1,0,0
66847,1,0,0
66848,1,0,0
66849,1,0,0
66850,1,0,0
66851,1,0,0
66852,1,0,0
66853,1,0,0
66854,1,0,0
66855,1,0,0
66856,1,0,0
66857,1,0,0
66858,1,0,0
66859,1,0,0
66860,1,0,0
66861,1,0,0
66862,1,0,0
66863,1,0,0
66864,1,0,0
66865,1,0,0
66866,1,0,0
66867,1,0,0
66868,1,0,0
66869,1,0,0
66870,1,0,0
66871,1,0,0
66872,1,0,0
66873,1,0,0
66874,1,0,0
66875,1,0,0
66876,1,0,0
66877,1,0,0
66878,1,0,0
66879,1,0,0
66880,1,0,0
66881,1,0,0
66882,1,0,0
66883,1,0,0
66884,1,0,0
66885,1,0,0
66886,1,0,0
66887,1,0,0
66888,1,0,0
66889,1,0,0
66890,1,0,0
66891,1,0,0
66892,1,0,0
66893,1,0,0
66894,1,0,0
66895,1,0,0
66896,1,0,0
66897,1,0,0
66898,1,0,0
66899,1,0,0
66900,1,0,0
66901,1,0,0
66902,1,0,0
66903,1,0,0
66904,1,0,0
66905,1,0,0
66906,1,0,0
66907,1,0,0
66908,1,0,0
66909,1,0,0
66910,1,0,0
66911,1,0,0
66912,1,0,0
66913,1,0,0
66914,1,0,0
66915,1,0,0
66916,1,0,0
66917,1,0,0
66918,1,0,0
66919,1,0,0
66920,1,0,0
66921,1,0,0
66922,1,0,0
66923,1,0,0
66924,1,0,0
66925,1,0,0
66926,1,0,0
66927,1,0,0
66928,1,0,0
66929,1,0,0
66930,1,0,0
66931,1,0,0
66932,1,0,0
66933,1,0,0
66934,1,0,0
66935,1,0,0
66936,1,0,0
66937,1,0,0
66938,1,0,0
66939,1,0,0
66940,1,0,0
66941,1,0,0
66942,1,0,0
66943,1,0,0
66944,1,0,0
66945,1,0,0
66946,1,0,0
66947,1,0,0
66948,1,0,0
66949,1,0,0
66950,1,0,0
66951,1,0,0
66952,1,0,0
66953,1,0,0
66954,1,0,0
66955,1,0,0
66956,1,0,0
66957,1,0,0
66958,1,0,0
66959,1,0,0
66960,1,0,0
66961,1,0,0
66962,1,0,0
66963,1,0,0
66964,1,0,0
66965,1,0,0
66966,1,0,0
66967,1,0,0
66968,1,0,0
66969,1,0,0
66970,1,0,0
66971,1,0,0
66972,1,0,0
66973,1,0,0
66974,1,0,0
66975,1,0,0
66976,1,0,0
66977,1,0,0
66978,1,0,0
66979,1,0,0
66980,1,0,0
66981,1,0,0
66982,1,0,0
66983,1,0,0
66984,1,0,0
66985,1,0,0
66986,1,0,0
66987,1,0,0
66988,1,0,0
66989,1,0,0
66990,1,0,0
66991,1,0,0
66992,1,0,0
66993,1,0,0
66994,1,0,0
66995,1,0,0
66996,1,0,0
66997,1,0,0
66998,1,0,0
66999,1,0,0
67000,1,0,0
67001,1,0,0
67002,1,0,0
67003,1,0,0
67004,1,0,0
67005,1,0,0
67006,1,0,0
67007,1,0,0
67008,1,0,0
67009,1,0,0
67010,1,0,0
67011,1,0,0
67012,1,0,0
67013,1,0,0
67014,1,0,0
67015,1,0,0
67016,1,0,0
67017,1,0,0
67018,1,0,0
67019,1,0,0
67020,1,0,0
67021,1,0,0
67022,1,0,0
67023,1,0,0
67024,1,0,0
67025,1,0,0
67026,1,0,0
67027,1,0,0
67028,1,0,0
67029,1,0,0
67030,1,0,0
67031,1,0,0
67032,1,0,0
67033,1,0,0
67034,1,0,0
67035,1,0,0
67036,1,0,0
67037,1,0,0
67038,1,0,0
67039,1,0,0
67040,1,0,0
67041,1,0,0
67042,1,0,0
67043,1,0,0
67044,1,0,0
67045,1,0,0
67046,1,0,0
67047,1,0,0
67048,1,0,0
67049,1,0,0
67050,1,0,0
67051,1,0,0
67052,1,0,0
67053,1,0,0
67054,1,0,0
67055,1,0,0
67056,1,0,0
67057,1,0,0
67058,1,0,0
67059,1,0,0
67060,1,0,0
67061,1,0,0
67062,1,0,0
67063,1,0,0
67064,1,0,0
67065,1,0,0
67066,1,0,0
67067,1,0,0
67068,1,0,0
67069,1,0,0
67070,1,0,0
67071,1,0,0
67072,1,0,0
67073,1,0,0
67074,1,0,0
67075,1,0,0
67076,1,0,0
67077,1,0,0
67078,1,0,0
67079,1,0,0
67080,1,0,0
67081,1,0,0
67082,1,0,0
67083,1,0,0
67084,1,0,0
67085,1,0,0
67086,1,0,0
67087,1,0,0
67088,1,0,0
67089,1,0,0
67090,1,0,0
67091,1,0,0
67092,1,0,0
67093,1,0,0
67094,1,0,0
67095,1,0,0
67096,1,0,0
67097,1,0,0
67098,1,0,0
67099,1,0,0
67100,1,0,0
67101,1,0,0
67102,1,0,0
67103,1,0,0
67104,1,0,0
67105,1,0,0
67106,1,0,0
67107,1,0,0
67108,1,0,0
67109,1,0,0
67110,1,0,0
67111,1,0,0
67112,1,0,0
67113,1,0,0
67114,1,0,0
67115,1,0,0
67116,1,0,0
67117,1,0,0
67118,1,0,0
67119,1,0,0
67120,1,0,0
67121,1,0,0
67122,1,0,0
67123,1,0,0
67124,1,0,0
67125,1,0,0
67126,1,0,0
67127,1,0,0
67128,1,0,0
67129,1,0,0
67130,1,0,0
67131,1,0,0
67132,1,0,0
67133,1,0,0
67134,1,0,0
67135,1,0,0
67136,1,0,0
67137,1,0,0
67138,1,0,0
67139,1,0,0
67140,1,0,0
67141,1,0,0
67142,1,0,0
67143,1,0,0
67144,1,0,0
67145,1,0,0
67146,1,0,0
67147,1,0,0
67148,1,0,0
67149,1,0,0
67150,1,0,0
67151,1,0,0
67152,1,0,0
67153,1,0,0
67154,1,0,0
67155,1,0,0
67156,1,0,0
67157,1,0,0
67158,1,0,0
67159,1,0,0
67160,1,0,0
67161,1,0,0
67162,1,0,0
67163,1,0,0
67164,1,0,0
67165,1,0,0
67166,1,0,0
67167,1,0,0
67168,1,0,0
67169,1,0,0
67170,1,0,0
67171,1,0,0
67172,1,0,0
67173,1,0,0
67174,1,0,0
67175,1,0,0
67176,1,0,0
67177,1,0,0
67178,1,0,0
67179,1,0,0
67180,1,0,0
67181,1,0,0
67182,1,0,0
67183,1,0,0
67184,1,0,0
67185,1,0,0
67186,1,0,0
67187,1,0,0
67188,1,0,0
67189,1,0,0
67190,1,0,0
67191,1,0,0
67192,1,0,0
67193,1,0,0
67194,1,0,0
67195,1,0,0
67196,1,0,0
67197,1,0,0
67198,1,0,0
67199,1,0,0
67200,1,0,0
67201,1,0,0
67202,1,0,0
67203,1,0,0
67204,1,0,0
67205,1,0,0
67206,1,0,0
67207,1,0,0
67208,1,0,0
67209,1,0,0
67210,1,0,0
67211,1,0,0
67212,1,0,0
67213,1,0,0
67214,1,0,0
67215,1,0,0
67216,1,0,0
67217,1,0,0
67218,1,0,0
67219,1,0,0
67220,1,0,0
67221,1,0,0
67222,1,0,0
67223,1,0,0
67224,1,0,0
67225,1,0,0
67226,1,0,0
67227,1,0,0
67228,1,0,0
67229,1,0,0
67230,1,0,0
67231,1,0,0
67232,1,0,0
67233,1,0,0
67234,1,0,0
67235,1,0,0
67236,1,0,0
67237,1,0,0
67238,1,0,0
67239,1,0,0
67240,1,0,0
67241,1,0,0
67242,1,0,0
67243,1,0,0
67244,1,0,0
67245,1,0,0
67246,1,0,0
67247,1,0,0
67248,1,0,0
67249,1,0,0
67250,1,0,0
67251,1,0,0
67252,1,0,0
67253,1,0,0
67254,1,0,0
67255,1,0,0
67256,1,0,0
67257,1,0,0
67258,1,0,0
67259,1,0,0
67260,1,0,0
67261,1,0,0
67262,1,0,0
67263,1,0,0
67264,1,0,0
67265,1,0,0
67266,1,0,0
67267,1,0,0
67268,1,0,0
67269,1,0,0
67270,1,0,0
67271,1,0,0
67272,1,0,0
67273,1,0,0
67274,1,0,0
67275,1,0,0
67276,1,0,0
67277,1,0,0
67278,1,0,0
67279,1,0,0
67280,1,0,0
67281,1,0,0
67282,1,0,0
67283,1,0,0
67284,1,0,0
67285,1,0,0
67286,1,0,0
67287,1,0,0
67288,1,0,0
67289,1,0,0
67290,1,0,0
67291,1,0,0
67292,1,0,0
67293,1,0,0
67294,1,0,0
67295,1,0,0
67296,1,0,0
67297,1,0,0
67298,1,0,0
67299,1,0,0
67300,1,0,0
67301,1,0,0
67302,1,0,0
67303,1,0,0
67304,1,0,0
67305,1,0,0
67306,1,0,0
67307,1,0,0
67308,1,0,0
67309,1,0,0
67310,1,0,0
67311,1,0,0
67312,1,0,0
67313,1,0,0
67314,1,0,0
67315,1,0,0
67316,1,0,0
67317,1,0,0
67318,1,0,0
67319,1,0,0
67320,1,0,0
67321,1,0,0
67322,1,0,0
67323,1,0,0
67324,1,0,0
67325,1,0,0
67326,1,0,0
67327,1,0,0
67328,1,0,0
67329,1,0,0
67330,1,0,0
67331,1,0,0
67332,1,0,0
67333,1,0,0
67334,1,0,0
67335,1,0,0
67336,1,0,0
67337,1,0,0
67338,1,0,0
67339,1,0,0
67340,1,0,0
67341,1,0,0
67342,1,0,0
67343,1,0,0
67344,1,0,0
67345,1,0,0
67346,1,0,0
67347,1,0,0
67348,1,0,0
67349,1,0,0
67350,1,0,0
67351,1,0,0
67352,1,0,0
67353,1,0,0
67354,1,0,0
67355,1,0,0
67356,1,0,0
67357,1,0,0
67358,1,0,0
67359,1,0,0
67360,1,0,0
67361,1,0,0
67362,1,0,0
67363,1,0,0
67364,1,0,0
67365,1,0,0
67366,1,0,0
67367,1,0,0
67368,1,0,0
67369,1,0,0
67370,1,0,0
67371,1,0,0
67372,1,0,0
67373,1,0,0
67374,1,0,0
67375,1,0,0
67376,1,0,0
67377,1,0,0
67378,1,0,0
67379,1,0,0
67380,1,0,0
67381,1,0,0
67382,1,0,0
67383,1,0,0
67384,1,0,0
67385,1,0,0
67386,1,0,0
67387,1,0,0
67388,1,0,0
67389,1,0,0
67390,1,0,0
67391,1,0,0
67392,1,0,0
67393,1,0,0
67394,1,0,0
67395,1,0,0
67396,1,0,0
67397,1,0,0
67398,1,0,0
67399,1,0,0
67400,1,0,0
67401,1,0,0
67402,1,0,0
67403,1,0,0
67404,1,0,0
67405,1,0,0
67406,1,0,0
67407,1,0,0
67408,1,0,0
67409,1,0,0
67410,1,0,0
67411,1,0,0
67412,1,0,0
67413,1,0,0
67414,1,0,0
67415,1,0,0
67416,1,0,0
67417,1,0,0
67418,1,0,0
67419,1,0,0
67420,1,0,0
67421,1,0,0
67422,1,0,0
67423,1,0,0
67424,1,0,0
67425,1,0,0
67426,1,0,0
67427,1,0,0
67428,1,0,0
67429,1,0,0
67430,1,0,0
67431,1,0,0
67432,1,0,0
67433,1,0,0
67434,1,0,0
67435,1,0,0
67436,1,0,0
67437,1,0,0
67438,1,0,0
67439,1,0,0
67440,1,0,0
67441,1,0,0
67442,1,0,0
67443,1,0,0
67444,1,0,0
67445,1,0,0
67446,1,0,0
67447,1,0,0
67448,1,0,0
67449,1,0,0
67450,1,0,0
67451,1,0,0
67452,1,0,0
67453,1,0,0
67454,1,0,0
67455,1,0,0
67456,1,0,0
67457,1,0,0
67458,1,0,0
67459,1,0,0
67460,1,0,0
67461,1,0,0
67462,1,0,0
67463,1,0,0
67464,1,0,0
67465,1,0,0
67466,1,0,0
67467,1,0,0
67468,1,0,0
67469,1,0,0
67470,1,0,0
67471,1,0,0
67472,1,0,0
67473,1,0,0
67474,1,0,0
67475,1,0,0
67476,1,0,0
67477,1,0,0
67478,1,0,0
67479,1,0,0
67480,1,0,0
67481,1,0,0
67482,1,0,0
67483,1,0,0
67484,1,0,0
67485,1,0,0
67486,1,0,0
67487,1,0,0
67488,1,0,0
67489,1,0,0
67490,1,0,0
67491,1,0,0
67492,1,0,0
67493,1,0,0
67494,1,0,0
67495,1,0,0
67496,1,0,0
67497,1,0,0
67498,1,0,0
67499,1,0,0
67500,1,0,0
67501,1,0,0
67502,1,0,0
67503,1,0,0
67504,1,0,0
67505,1,0,0
67506,1,0,0
67507,1,0,0
67508,1,0,0
67509,1,0,0
67510,1,0,0
67511,1,0,0
67512,1,0,0
67513,1,0,0
67514,1,0,0
67515,1,0,0
67516,1,0,0
67517,1,0,0
67518,1,0,0
67519,1,0,0
67520,1,0,0
67521,1,0,0
67522,1,0,0
67523,1,0,0
67524,1,0,0
67525,1,0,0
67526,1,0,0
67527,1,0,0
67528,1,0,0
67529,1,0,0
67530,1,0,0
67531,1,0,0
67532,1,0,0
67533,1,0,0
67534,1,0,0
67535,1,0,0
67536,1,0,0
67537,1,0,0
67538,1,0,0
67539,1,0,0
67540,1,0,0
67541,1,0,0
67542,1,0,0
67543,1,0,0
67544,1,0,0
67545,1,0,0
67546,1,0,0
67547,1,0,0
67548,1,0,0
67549,1,0,0
67550,1,0,0
67551,1,0,0
67552,1,0,0
67553,1,0,0
67554,1,0,0
67555,1,0,0
67556,1,0,0
67557,1,0,0
67558,1,0,0
67559,1,0,0
67560,1,0,0
67561,1,0,0
67562,1,0,0
67563,1,0,0
67564,1,0,0
67565,1,0,0
67566,1,0,0
67567,1,0,0
67568,1,0,0
67569,1,0,0
67570,1,0,0
67571,1,0,0
67572,1,0,0
67573,1,0,0
67574,1,0,0
67575,1,0,0
67576,1,0,0
67577,1,0,0
67578,1,0,0
67579,1,0,0
67580,1,0,0
67581,1,0,0
67582,1,0,0
67583,1,0,0
67584,1,0,0
67585,1,0,0
67586,1,0,0
67587,1,0,0
67588,1,0,0
67589,1,0,0
67590,1,0,0
67591,1,0,0
67592,1,0,0
67593,1,0,0
67594,1,0,0
67595,1,0,0
67596,1,0,0
67597,1,0,0
67598,1,0,0
67599,1,0,0
67600,1,0,0
67601,1,0,0
67602,1,0,0
67603,1,0,0
67604,1,0,0
67605,1,0,0
67606,1,0,0
67607,1,0,0
67608,1,0,0
67609,1,0,0
67610,1,0,0
67611,1,0,0
67612,1,0,0
67613,1,0,0
67614,1,0,0
67615,1,0,0
67616,1,0,0
67617,1,0,0
67618,1,0,0
67619,1,0,0
67620,1,0,0
67621,1,0,0
67622,1,0,0
67623,1,0,0
67624,1,0,0
67625,1,0,0
67626,1,0,0
67627,1,0,0
67628,1,0,0
67629,1,0,0
67630,1,0,0
67631,1,0,0
67632,1,0,0
67633,1,0,0
67634,1,0,0
67635,1,0,0
67636,1,0,0
67637,1,0,0
67638,1,0,0
67639,1,0,0
67640,1,0,0
67641,1,0,0
67642,1,0,0
67643,1,0,0
67644,1,0,0
67645,1,0,0
67646,1,0,0
67647,1,0,0
67648,1,0,0
67649,1,0,0
67650,1,0,0
67651,1,0,0
67652,1,0,0
67653,1,0,0
67654,1,0,0
67655,1,0,0
67656,1,0,0
67657,1,0,0
67658,1,0,0
67659,1,0,0
67660,1,0,0
67661,1,0,0
67662,1,0,0
67663,1,0,0
67664,1,0,0
67665,1,0,0
67666,1,0,0
67667,1,0,0
67668,1,0,0
67669,1,0,0
67670,1,0,0
67671,1,0,0
67672,1,0,0
67673,1,0,0
67674,1,0,0
67675,1,0,0
67676,1,0,0
67677,1,0,0
67678,1,0,0
67679,1,0,0
67680,1,0,0
67681,1,0,0
67682,1,0,0
67683,1,0,0
67684,1,0,0
67685,1,0,0
67686,1,0,0
67687,1,0,0
67688,1,0,0
67689,1,0,0
67690,1,0,0
67691,1,0,0
67692,1,0,0
67693,1,0,0
67694,1,0,0
67695,1,0,0
67696,1,0,0
67697,1,0,0
67698,1,0,0
67699,1,0,0
67700,1,0,0
67701,1,0,0
67702,1,0,0
67703,1,0,0
67704,1,0,0
67705,1,0,0
67706,1,0,0
67707,1,0,0
67708,1,0,0
67709,1,0,0
67710,1,0,0
67711,1,0,0
67712,1,0,0
67713,1,0,0
67714,1,0,0
67715,1,0,0
67716,1,0,0
67717,1,0,0
67718,1,0,0
67719,1,0,0
67720,1,0,0
67721,1,0,0
67722,1,0,0
67723,1,0,0
67724,1,0,0
67725,1,0,0
67726,1,0,0
67727,1,0,0
67728,1,0,0
67729,1,0,0
67730,1,0,0
67731,1,0,0
67732,1,0,0
67733,1,0,0
67734,1,0,0
67735,1,0,0
67736,1,0,0
67737,1,0,0
67738,1,0,0
67739,1,0,0
67740,1,0,0
67741,1,0,0
67742,1,0,0
67743,1,0,0
67744,1,0,0
67745,1,0,0
67746,1,0,0
67747,1,0,0
67748,1,0,0
67749,1,0,0
67750,1,0,0
67751,1,0,0
67752,1,0,0
67753,1,0,0
67754,1,0,0
67755,1,0,0
67756,1,0,0
67757,1,0,0
67758,1,0,0
67759,1,0,0
67760,1,0,0
67761,1,0,0
67762,1,0,0
67763,1,0,0
67764,1,0,0
67765,1,0,0
67766,1,0,0
67767,1,0,0
67768,1,0,0
67769,1,0,0
67770,1,0,0
67771,1,0,0
67772,1,0,0
67773,1,0,0
67774,1,0,0
67775,1,0,0
67776,1,0,0
67777,1,0,0
67778,1,0,0
67779,1,0,0
67780,1,0,0
67781,1,0,0
67782,1,0,0
67783,1,0,0
67784,1,0,0
67785,1,0,0
67786,1,0,0
67787,1,0,0
67788,0,1,0
67789,0,1,0
67790,0,1,0
67791,0,1,0
67792,0,1,0
67793,0,1,0
67794,0,1,0
67795,1,0,0
67796,1,0,0
67797,1,0,0
67798,1,0,0
67799,1,0,0
67800,1,0,0
67801,1,0,0
67802,1,0,0
67803,1,0,0
67804,1,0,0
67805,1,0,0
67806,1,0,0
67807,1,0,0
67808,1,0,0
67809,1,0,0
67810,1,0,0
67811,1,0,0
67812,1,0,0
67813,1,0,0
67814,1,0,0
67815,1,0,0
67816,1,0,0
67817,1,0,0
67818,1,0,0
67819,1,0,0
67820,1,0,0
67821,1,0,0
67822,1,0,0
67823,1,0,0
67824,1,0,0
67825,1,0,0
67826,1,0,0
67827,1,0,0
67828,1,0,0
67829,1,0,0
67830,0,1,0
67831,0,1,0
67832,0,1,0
67833,0,1,0
67834,0,1,0
67835,0,1,0
67836,0,1,0
67837,0,1,0
67838,0,1,0
67839,0,1,0
67840,0,1,0
67841,0,1,0
67842,0,1,0
67843,0,1,0
67844,0,1,0
67845,0,1,0
67846,0,1,0
67847,0,1,0
67848,0,1,0
67849,0,1,0
67850,0,1,0
67851,0,1,0
67852,0,1,0
67853,0,1,0
67854,0,1,0
67855,1,0,0
67856,1,0,0
67857,1,0,0
67858,1,0,0
67859,1,0,0
67860,1,0,0
67861,1,0,0
67862,1,0,0
67863,1,0,0
67864,1,0,0
67865,1,0,0
67866,0,1,0
67867,0,1,0
67868,0,1,0
67869,0,1,0
67870,0,1,0
67871,0,1,0
67872,0,1,0
67873,0,1,0
67874,0,1,0
67875,0,1,0
67876,0,1,0
67877,0,1,0
67878,0,1,0
67879,0,1,0
67880,0,1,0
67881,0,1,0
67882,0,1,0
67883,0,1,0
67884,0,1,0
67885,0,1,0
67886,0,1,0
67887,0,1,0
67888,0,1,0
67889,0,1,0
67890,1,0,0
67891,1,0,0
67892,1,0,0
67893,1,0,0
67894,1,0,0
67895,1,0,0
67896,1,0,0
67897,1,0,0
67898,1,0,0
67899,1,0,0
67900,1,0,0
67901,1,0,0
67902,1,0,0
67903,1,0,0
67904,1,0,0
67905,1,0,0
67906,1,0,0
67907,1,0,0
67908,1,0,0
67909,1,0,0
67910,1,0,0
67911,1,0,0
67912,1,0,0
67913,1,0,0
67914,1,0,0
67915,1,0,0
67916,1,0,0
67917,1,0,0
67918,1,0,0
67919,1,0,0
67920,1,0,0
67921,1,0,0
67922,1,0,0
67923,1,0,0
67924,1,0,0
67925,1,0,0
67926,1,0,0
67927,1,0,0
67928,1,0,0
67929,1,0,0
67930,1,0,0
67931,1,0,0
67932,1,0,0
67933,1,0,0
67934,1,0,0
67935,1,0,0
67936,1,0,0
67937,1,0,0
67938,1,0,0
67939,1,0,0
67940,1,0,0
67941,1,0,0
67942,1,0,0
67943,1,0,0
67944,1,0,0
67945,1,0,0
67946,1,0,0
67947,1,0,0
67948,1,0,0
67949,1,0,0
67950,1,0,0
67951,1,0,0
67952,1,0,0
67953,1,0,0
67954,1,0,0
67955,1,0,0
67956,1,0,0
67957,1,0,0
67958,1,0,0
67959,1,0,0
67960,1,0,0
67961,1,0,0
67962,1,0,0
67963,1,0,0
67964,1,0,0
67965,1,0,0
67966,1,0,0
67967,1,0,0
67968,1,0,0
67969,1,0,0
67970,1,0,0
67971,1,0,0
67972,1,0,0
67973,1,0,0
67974,1,0,0
67975,1,0,0
67976,1,0,0
67977,1,0,0
67978,1,0,0
67979,1,0,0
67980,1,0,0
67981,1,0,0
67982,1,0,0
67983,1,0,0
67984,1,0,0
67985,1,0,0
67986,1,0,0
67987,1,0,0
67988,1,0,0
67989,1,0,0
67990,1,0,0
67991,1,0,0
67992,1,0,0
67993,1,0,0
67994,1,0,0
67995,1,0,0
67996,1,0,0
67997,1,0,0
67998,1,0,0
67999,1,0,0
68000,1,0,0
68001,1,0,0
68002,1,0,0
68003,1,0,0
68004,1,0,0
68005,1,0,0
68006,1,0,0
68007,1,0,0
68008,1,0,0
68009,1,0,0
68010,1,0,0
68011,1,0,0
68012,1,0,0
68013,1,0,0
68014,1,0,0
68015,1,0,0
68016,1,0,0
68017,1,0,0
68018,1,0,0
68019,1,0,0
68020,1,0,0
68021,1,0,0
68022,1,0,0
68023,1,0,0
68024,1,0,0
68025,1,0,0
68026,1,0,0
68027,1,0,0
68028,1,0,0
68029,1,0,0
68030,1,0,0
68031,1,0,0
68032,1,0,0
68033,1,0,0
68034,1,0,0
68035,1,0,0
68036,1,0,0
68037,1,0,0
68038,1,0,0
68039,1,0,0
68040,1,0,0
68041,1,0,0
68042,1,0,0
68043,1,0,0
68044,1,0,0
68045,1,0,0
68046,1,0,0
68047,1,0,0
68048,1,0,0
68049,1,0,0
68050,1,0,0
68051,1,0,0
68052,1,0,0
68053,1,0,0
68054,1,0,0
68055,1,0,0
68056,1,0,0
68057,1,0,0
68058,1,0,0
68059,1,0,0
68060,1,0,0
68061,1,0,0
68062,1,0,0
68063,1,0,0
68064,1,0,0
68065,1,0,0
68066,1,0,0
68067,1,0,0
68068,1,0,0
68069,1,0,0
68070,1,0,0
68071,1,0,0
68072,1,0,0
68073,1,0,0
68074,1,0,0
68075,1,0,0
68076,1,0,0
68077,1,0,0
68078,1,0,0
68079,1,0,0
68080,1,0,0
68081,1,0,0
68082,1,0,0
68083,1,0,0
68084,1,0,0
68085,1,0,0
68086,1,0,0
68087,1,0,0
68088,1,0,0
68089,1,0,0
68090,1,0,0
68091,1,0,0
68092,1,0,0
68093,1,0,0
68094,1,0,0
68095,1,0,0
68096,1,0,0
68097,1,0,0
68098,1,0,0
68099,1,0,0
68100,1,0,0
68101,1,0,0
68102,1,0,0
68103,1,0,0
68104,1,0,0
68105,1,0,0
68106,1,0,0
68107,1,0,0
68108,1,0,0
68109,1,0,0
68110,1,0,0
68111,1,0,0
68112,1,0,0
68113,1,0,0
68114,1,0,0
68115,1,0,0
68116,1,0,0
68117,1,0,0
68118,1,0,0
68119,1,0,0
68120,1,0,0
68121,1,0,0
68122,1,0,0
68123,1,0,0
68124,1,0,0
68125,1,0,0
68126,1,0,0
68127,1,0,0
68128,1,0,0
68129,1,0,0
68130,1,0,0
68131,1,0,0
68132,1,0,0
68133,1,0,0
68134,1,0,0
68135,1,0,0
68136,1,0,0
68137,1,0,0
68138,1,0,0
68139,1,0,0
68140,1,0,0
68141,1,0,0
68142,1,0,0
68143,1,0,0
68144,1,0,0
68145,1,0,0
68146,1,0,0
68147,1,0,0
68148,1,0,0
68149,1,0,0
68150,1,0,0
68151,1,0,0
68152,1,0,0
68153,1,0,0
68154,1,0,0
68155,1,0,0
68156,1,0,0
68157,1,0,0
68158,1,0,0
68159,1,0,0
68160,1,0,0
68161,1,0,0
68162,1,0,0
68163,1,0,0
68164,1,0,0
68165,1,0,0
68166,1,0,0
68167,1,0,0
68168,1,0,0
68169,1,0,0
68170,1,0,0
68171,1,0,0
68172,1,0,0
68173,1,0,0
68174,1,0,0
68175,1,0,0
68176,1,0,0
68177,1,0,0
68178,1,0,0
68179,1,0,0
68180,1,0,0
68181,1,0,0
68182,1,0,0
68183,1,0,0
68184,1,0,0
68185,1,0,0
68186,1,0,0
68187,1,0,0
68188,1,0,0
68189,1,0,0
68190,1,0,0
68191,1,0,0
68192,1,0,0
68193,1,0,0
68194,1,0,0
68195,1,0,0
68196,1,0,0
68197,1,0,0
68198,1,0,0
68199,1,0,0
68200,1,0,0
68201,1,0,0
68202,1,0,0
68203,1,0,0
68204,1,0,0
68205,1,0,0
68206,1,0,0
68207,1,0,0
68208,1,0,0
68209,1,0,0
68210,0,0,1
68211,0,0,1
68212,0,0,1
68213,0,0,1
68214,0,0,1
68215,0,0,1
68216,0,0,1
68217,0,0,1
68218,0,0,1
68219,0,0,1
68220,0,0,1
68221,0,0,1
68222,0,0,1
68223,0,0,1
68224,0,0,1
68225,0,0,1
68226,0,0,1
68227,0,0,1
68228,0,0,1
68229,0,0,1
68230,0,0,1
68231,0,0,1
68232,0,0,1
68233,0,0,1
68234,0,0,1
68235,0,0,1
68236,0,0,1
68237,0,0,1
68238,0,0,1
68239,0,0,1
68240,0,0,1
68241,0,0,1
68242,0,0,1
68243,0,0,1
68244,0,0,1
68245,0,0,1
68246,0,0,1
68247,0,0,1
68248,0,0,1
68249,0,0,1
68250,0,0,1
68251,0,0,1
68252,0,0,1
68253,0,0,1
68254,0,0,1
68255,0,0,1
68256,0,0,1
68257,0,0,1
68258,0,0,1
68259,0,0,1
68260,0,0,1
68261,0,0,1
68262,0,0,1
68263,0,0,1
68264,0,0,1
68265,0,0,1
68266,0,0,1
68267,1,0,0
68268,1,0,0
68269,1,0,0
68270,1,0,0
68271,1,0,0
68272,1,0,0
68273,1,0,0
68274,1,0,0
68275,1,0,0
68276,1,0,0
68277,1,0,0
68278,1,0,0
68279,1,0,0
68280,1,0,0
68281,1,0,0
68282,1,0,0
68283,1,0,0
68284,1,0,0
68285,1,0,0
68286,1,0,0
68287,1,0,0
68288,1,0,0
68289,1,0,0
68290,1,0,0
68291,1,0,0
68292,1,0,0
68293,1,0,0
68294,1,0,0
68295,1,0,0
68296,1,0,0
68297,1,0,0
68298,1,0,0
68299,1,0,0
68300,1,0,0
68301,1,0,0
68302,1,0,0
68303,1,0,0
68304,1,0,0
68305,1,0,0
68306,1,0,0
68307,1,0,0
68308,1,0,0
68309,1,0,0
68310,1,0,0
68311,1,0,0
68312,1,0,0
68313,1,0,0
68314,1,0,0
68315,1,0,0
68316,1,0,0
68317,1,0,0
68318,1,0,0
68319,1,0,0
68320,1,0,0
68321,1,0,0
68322,1,0,0
68323,1,0,0
68324,1,0,0
68325,1,0,0
68326,1,0,0
68327,1,0,0
68328,1,0,0
68329,1,0,0
68330,1,0,0
68331,1,0,0
68332,1,0,0
68333,1,0,0
68334,1,0,0
68335,1,0,0
68336,1,0,0
68337,1,0,0
68338,1,0,0
68339,1,0,0
68340,1,0,0
68341,1,0,0
68342,1,0,0
68343,1,0,0
68344,1,0,0
68345,1,0,0
68346,1,0,0
68347,1,0,0
68348,1,0,0
68349,1,0,0
68350,1,0,0
68351,1,0,0
68352,1,0,0
68353,1,0,0
68354,1,0,0
68355,1,0,0
68356,1,0,0
68357,1,0,0
68358,1,0,0
68359,1,0,0
68360,1,0,0
68361,1,0,0
68362,1,0,0
68363,1,0,0
68364,1,0,0
68365,1,0,0
68366,1,0,0
68367,1,0,0
68368,1,0,0
68369,1,0,0
68370,1,0,0
68371,1,0,0
68372,1,0,0
68373,1,0,0
68374,1,0,0
68375,1,0,0
68376,1,0,0
68377,1,0,0
68378,1,0,0
68379,1,0,0
68380,1,0,0
68381,1,0,0
68382,1,0,0
68383,1,0,0
68384,1,0,0
68385,1,0,0
68386,1,0,0
68387,1,0,0
68388,1,0,0
68389,1,0,0
68390,1,0,0
68391,1,0,0
68392,1,0,0
68393,1,0,0
68394,1,0,0
68395,1,0,0
68396,1,0,0
68397,1,0,0
68398,1,0,0
68399,1,0,0
68400,1,0,0
68401,1,0,0
68402,1,0,0
68403,1,0,0
68404,1,0,0
68405,1,0,0
68406,1,0,0
68407,1,0,0
68408,1,0,0
68409,1,0,0
68410,1,0,0
68411,1,0,0
68412,1,0,0
68413,1,0,0
68414,1,0,0
68415,1,0,0
68416,1,0,0
68417,1,0,0
68418,1,0,0
68419,1,0,0
68420,1,0,0
68421,1,0,0
68422,1,0,0
68423,1,0,0
68424,1,0,0
68425,1,0,0
68426,1,0,0
68427,1,0,0
68428,1,0,0
68429,1,0,0
68430,1,0,0
68431,1,0,0
68432,1,0,0
68433,1,0,0
68434,1,0,0
68435,1,0,0
68436,1,0,0
68437,1,0,0
68438,1,0,0
68439,1,0,0
68440,1,0,0
68441,1,0,0
68442,1,0,0
68443,1,0,0
68444,1,0,0
68445,1,0,0
68446,1,0,0
68447,1,0,0
68448,1,0,0
68449,1,0,0
68450,1,0,0
68451,1,0,0
68452,1,0,0
68453,1,0,0
68454,1,0,0
68455,1,0,0
68456,1,0,0
68457,1,0,0
68458,1,0,0
68459,1,0,0
68460,1,0,0
68461,1,0,0
68462,1,0,0
68463,1,0,0
68464,1,0,0
68465,1,0,0
68466,1,0,0
68467,1,0,0
68468,1,0,0
68469,1,0,0
68470,1,0,0
68471,1,0,0
68472,1,0,0
68473,1,0,0
68474,1,0,0
68475,1,0,0
68476,1,0,0
68477,1,0,0
68478,1,0,0
68479,1,0,0
68480,1,0,0
68481,1,0,0
68482,1,0,0
68483,1,0,0
68484,1,0,0
68485,1,0,0
68486,1,0,0
68487,1,0,0
68488,1,0,0
68489,1,0,0
68490,1,0,0
68491,1,0,0
68492,1,0,0
68493,1,0,0
68494,1,0,0
68495,1,0,0
68496,1,0,0
68497,1,0,0
68498,1,0,0
68499,1,0,0
68500,1,0,0
68501,1,0,0
68502,1,0,0
68503,1,0,0
68504,1,0,0
68505,1,0,0
68506,1,0,0
68507,1,0,0
68508,1,0,0
68509,1,0,0
68510,1,0,0
68511,1,0,0
68512,1,0,0
68513,1,0,0
68514,1,0,0
68515,1,0,0
68516,1,0,0
68517,1,0,0
68518,1,0,0
68519,1,0,0
68520,1,0,0
68521,1,0,0
68522,1,0,0
68523,1,0,0
68524,1,0,0
68525,1,0,0
68526,1,0,0
68527,1,0,0
68528,1,0,0
68529,1,0,0
68530,1,0,0
68531,1,0,0
68532,1,0,0
68533,1,0,0
68534,1,0,0
68535,1,0,0
68536,1,0,0
68537,1,0,0
68538,1,0,0
68539,1,0,0
68540,1,0,0
68541,1,0,0
68542,1,0,0
68543,1,0,0
68544,1,0,0
68545,1,0,0
68546,1,0,0
68547,1,0,0
68548,1,0,0
68549,1,0,0
68550,1,0,0
68551,1,0,0
68552,1,0,0
68553,1,0,0
68554,1,0,0
68555,1,0,0
68556,1,0,0
68557,1,0,0
68558,1,0,0
68559,1,0,0
68560,1,0,0
68561,1,0,0
68562,1,0,0
68563,1,0,0
68564,1,0,0
68565,1,0,0
68566,1,0,0
68567,1,0,0
68568,1,0,0
68569,1,0,0
68570,1,0,0
68571,1,0,0
68572,1,0,0
68573,1,0,0
68574,1,0,0
68575,1,0,0
68576,1,0,0
68577,1,0,0
68578,1,0,0
68579,1,0,0
68580,1,0,0
68581,1,0,0
68582,1,0,0
68583,1,0,0
68584,1,0,0
68585,1,0,0
68586,1,0,0
68587,1,0,0
68588,1,0,0
68589,1,0,0
68590,1,0,0
68591,1,0,0
68592,1,0,0
68593,1,0,0
68594,1,0,0
68595,1,0,0
68596,1,0,0
68597,1,0,0
68598,1,0,0
68599,1,0,0
68600,1,0,0
68601,1,0,0
68602,1,0,0
68603,1,0,0
68604,1,0,0
68605,1,0,0
68606,1,0,0
68607,1,0,0
68608,1,0,0
68609,1,0,0
68610,1,0,0
68611,1,0,0
68612,1,0,0
68613,1,0,0
68614,1,0,0
68615,1,0,0
68616,1,0,0
68617,1,0,0
68618,1,0,0
68619,1,0,0
68620,1,0,0
68621,1,0,0
68622,1,0,0
68623,1,0,0
68624,1,0,0
68625,1,0,0
68626,1,0,0
68627,1,0,0
68628,1,0,0
68629,1,0,0
68630,1,0,0
68631,1,0,0
68632,1,0,0
68633,1,0,0
68634,1,0,0
68635,1,0,0
68636,1,0,0
68637,1,0,0
68638,1,0,0
68639,1,0,0
68640,1,0,0
68641,1,0,0
68642,1,0,0
68643,1,0,0
68644,1,0,0
68645,1,0,0
68646,1,0,0
68647,1,0,0
68648,1,0,0
68649,1,0,0
68650,1,0,0
68651,1,0,0
68652,1,0,0
68653,1,0,0
68654,1,0,0
68655,1,0,0
68656,1,0,0
68657,1,0,0
68658,1,0,0
68659,1,0,0
68660,1,0,0
68661,1,0,0
68662,1,0,0
68663,1,0,0
68664,1,0,0
68665,1,0,0
68666,1,0,0
68667,1,0,0
68668,1,0,0
68669,1,0,0
68670,1,0,0
68671,1,0,0
68672,1,0,0
68673,1,0,0
68674,1,0,0
68675,1,0,0
68676,1,0,0
68677,1,0,0
68678,1,0,0
68679,1,0,0
68680,1,0,0
68681,1,0,0
68682,1,0,0
68683,1,0,0
68684,1,0,0
68685,1,0,0
68686,1,0,0
68687,1,0,0
68688,1,0,0
68689,1,0,0
68690,1,0,0
68691,1,0,0
68692,1,0,0
68693,1,0,0
68694,1,0,0
68695,1,0,0
68696,1,0,0
68697,1,0,0
68698,1,0,0
68699,1,0,0
68700,1,0,0
68701,1,0,0
68702,1,0,0
68703,1,0,0
68704,1,0,0
68705,1,0,0
68706,1,0,0
68707,1,0,0
68708,1,0,0
68709,1,0,0
68710,1,0,0
68711,1,0,0
68712,1,0,0
68713,1,0,0
68714,1,0,0
68715,1,0,0
68716,1,0,0
68717,1,0,0
68718,1,0,0
68719,1,0,0
68720,1,0,0
68721,1,0,0
68722,1,0,0
68723,1,0,0
68724,1,0,0
68725,1,0,0
68726,1,0,0
68727,1,0,0
68728,1,0,0
68729,1,0,0
68730,1,0,0
68731,1,0,0
68732,1,0,0
68733,1,0,0
68734,1,0,0
68735,1,0,0
68736,1,0,0
68737,1,0,0
68738,1,0,0
68739,1,0,0
68740,1,0,0
68741,1,0,0
68742,1,0,0
68743,1,0,0
68744,1,0,0
68745,1,0,0
68746,1,0,0
68747,1,0,0
68748,1,0,0
68749,1,0,0
68750,1,0,0
68751,1,0,0
68752,1,0,0
68753,1,0,0
68754,1,0,0
68755,1,0,0
68756,1,0,0
68757,1,0,0
68758,1,0,0
68759,1,0,0
68760,1,0,0
68761,1,0,0
68762,1,0,0
68763,1,0,0
68764,1,0,0
68765,1,0,0
68766,1,0,0
68767,1,0,0
68768,1,0,0
68769,1,0,0
68770,1,0,0
68771,1,0,0
68772,1,0,0
68773,1,0,0
68774,1,0,0
68775,1,0,0
68776,1,0,0
68777,1,0,0
68778,1,0,0
68779,1,0,0
68780,1,0,0
68781,1,0,0
68782,1,0,0
68783,1,0,0
68784,1,0,0
68785,1,0,0
68786,1,0,0
68787,1,0,0
68788,1,0,0
68789,1,0,0
68790,1,0,0
68791,1,0,0
68792,1,0,0
68793,1,0,0
68794,1,0,0
68795,1,0,0
68796,1,0,0
68797,1,0,0
68798,1,0,0
68799,1,0,0
68800,1,0,0
68801,1,0,0
68802,1,0,0
68803,1,0,0
68804,1,0,0
68805,1,0,0
68806,1,0,0
68807,1,0,0
68808,1,0,0
68809,1,0,0
68810,1,0,0
68811,1,0,0
68812,1,0,0
68813,1,0,0
68814,1,0,0
68815,1,0,0
68816,1,0,0
68817,1,0,0
68818,1,0,0
68819,1,0,0
68820,1,0,0
68821,1,0,0
68822,1,0,0
68823,1,0,0
68824,1,0,0
68825,1,0,0
68826,1,0,0
68827,1,0,0
68828,1,0,0
68829,1,0,0
68830,1,0,0
68831,1,0,0
68832,1,0,0
68833,1,0,0
68834,1,0,0
68835,1,0,0
68836,1,0,0
68837,1,0,0
68838,1,0,0
68839,1,0,0
68840,1,0,0
68841,1,0,0
68842,1,0,0
68843,1,0,0
68844,1,0,0
68845,1,0,0
68846,1,0,0
68847,1,0,0
68848,1,0,0
68849,1,0,0
68850,1,0,0
68851,1,0,0
68852,1,0,0
68853,1,0,0
68854,1,0,0
68855,1,0,0
68856,1,0,0
68857,1,0,0
68858,1,0,0
68859,1,0,0
68860,1,0,0
68861,1,0,0
68862,1,0,0
68863,1,0,0
68864,1,0,0
68865,1,0,0
68866,1,0,0
68867,1,0,0
68868,1,0,0
68869,1,0,0
68870,1,0,0
68871,1,0,0
68872,1,0,0
68873,1,0,0
68874,1,0,0
68875,1,0,0
68876,1,0,0
68877,1,0,0
68878,1,0,0
68879,1,0,0
68880,1,0,0
68881,1,0,0
68882,1,0,0
68883,1,0,0
68884,1,0,0
68885,1,0,0
68886,1,0,0
68887,1,0,0
68888,1,0,0
68889,1,0,0
68890,1,0,0
68891,1,0,0
68892,1,0,0
68893,1,0,0
68894,1,0,0
68895,1,0,0
68896,1,0,0
68897,1,0,0
68898,1,0,0
68899,1,0,0
68900,1,0,0
68901,1,0,0
68902,1,0,0
68903,1,0,0
68904,1,0,0
68905,1,0,0
68906,1,0,0
68907,1,0,0
68908,1,0,0
68909,1,0,0
68910,1,0,0
68911,1,0,0
68912,1,0,0
68913,1,0,0
68914,1,0,0
68915,1,0,0
68916,1,0,0
68917,1,0,0
68918,1,0,0
68919,1,0,0
68920,1,0,0
68921,1,0,0
68922,1,0,0
68923,1,0,0
68924,1,0,0
68925,1,0,0
68926,1,0,0
68927,1,0,0
68928,1,0,0
68929,1,0,0
68930,1,0,0
68931,1,0,0
68932,1,0,0
68933,1,0,0
68934,1,0,0
68935,1,0,0
68936,1,0,0
68937,1,0,0
68938,1,0,0
68939,1,0,0
68940,1,0,0
68941,1,0,0
68942,1,0,0
68943,1,0,0
68944,1,0,0
68945,1,0,0
68946,1,0,0
68947,1,0,0
68948,1,0,0
68949,1,0,0
68950,1,0,0
68951,1,0,0
68952,1,0,0
68953,1,0,0
68954,1,0,0
68955,1,0,0
68956,1,0,0
68957,1,0,0
68958,1,0,0
68959,1,0,0
68960,1,0,0
68961,1,0,0
68962,1,0,0
68963,1,0,0
68964,1,0,0
68965,1,0,0
68966,1,0,0
68967,1,0,0
68968,1,0,0
68969,1,0,0
68970,1,0,0
68971,1,0,0
68972,1,0,0
68973,1,0,0
68974,1,0,0
68975,1,0,0
68976,1,0,0
68977,1,0,0
68978,1,0,0
68979,1,0,0
68980,1,0,0
68981,1,0,0
68982,1,0,0
68983,1,0,0
68984,1,0,0
68985,1,0,0
68986,1,0,0
68987,1,0,0
68988,1,0,0
68989,1,0,0
68990,1,0,0
68991,1,0,0
68992,1,0,0
68993,1,0,0
68994,1,0,0
68995,1,0,0
68996,1,0,0
68997,1,0,0
68998,1,0,0
68999,1,0,0
69000,1,0,0
69001,1,0,0
69002,1,0,0
69003,1,0,0
69004,1,0,0
69005,1,0,0
69006,1,0,0
69007,1,0,0
69008,1,0,0
69009,1,0,0
69010,1,0,0
69011,1,0,0
69012,1,0,0
69013,1,0,0
69014,1,0,0
69015,1,0,0
69016,1,0,0
69017,1,0,0
69018,1,0,0
69019,1,0,0
69020,1,0,0
69021,1,0,0
69022,1,0,0
69023,1,0,0
69024,1,0,0
69025,1,0,0
69026,1,0,0
69027,1,0,0
69028,1,0,0
69029,1,0,0
69030,1,0,0
69031,1,0,0
69032,1,0,0
69033,1,0,0
69034,1,0,0
69035,1,0,0
69036,1,0,0
69037,1,0,0
69038,1,0,0
69039,1,0,0
69040,1,0,0
69041,1,0,0
69042,1,0,0
69043,1,0,0
69044,1,0,0
69045,1,0,0
69046,1,0,0
69047,1,0,0
69048,1,0,0
69049,1,0,0
69050,1,0,0
69051,1,0,0
69052,1,0,0
69053,1,0,0
69054,1,0,0
69055,1,0,0
69056,1,0,0
69057,1,0,0
69058,1,0,0
69059,1,0,0
69060,1,0,0
69061,1,0,0
69062,1,0,0
69063,1,0,0
69064,1,0,0
69065,1,0,0
69066,1,0,0
69067,1,0,0
69068,1,0,0
69069,1,0,0
69070,1,0,0
69071,1,0,0
69072,1,0,0
69073,1,0,0
69074,1,0,0
69075,1,0,0
69076,1,0,0
69077,1,0,0
69078,1,0,0
69079,1,0,0
69080,1,0,0
69081,1,0,0
69082,1,0,0
69083,1,0,0
69084,1,0,0
69085,1,0,0
69086,1,0,0
69087,1,0,0
69088,1,0,0
69089,1,0,0
69090,1,0,0
69091,1,0,0
69092,1,0,0
69093,1,0,0
69094,1,0,0
69095,1,0,0
69096,1,0,0
69097,1,0,0
69098,1,0,0
69099,1,0,0
69100,1,0,0
69101,1,0,0
69102,1,0,0
69103,1,0,0
69104,1,0,0
69105,1,0,0
69106,1,0,0
69107,1,0,0
69108,1,0,0
69109,1,0,0
69110,1,0,0
69111,1,0,0
69112,1,0,0
69113,1,0,0
69114,1,0,0
69115,1,0,0
69116,1,0,0
69117,1,0,0
69118,1,0,0
69119,1,0,0
69120,1,0,0
69121,1,0,0
69122,1,0,0
69123,1,0,0
69124,1,0,0
69125,1,0,0
69126,1,0,0
69127,1,0,0
69128,1,0,0
69129,1,0,0
69130,1,0,0
69131,1,0,0
69132,1,0,0
69133,1,0,0
69134,1,0,0
69135,1,0,0
69136,1,0,0
69137,1,0,0
69138,1,0,0
69139,1,0,0
69140,1,0,0
69141,1,0,0
69142,1,0,0
69143,1,0,0
69144,1,0,0
69145,1,0,0
69146,1,0,0
69147,1,0,0
69148,1,0,0
69149,1,0,0
69150,1,0,0
69151,1,0,0
69152,1,0,0
69153,1,0,0
69154,1,0,0
69155,1,0,0
69156,1,0,0
69157,1,0,0
69158,1,0,0
69159,1,0,0
69160,1,0,0
69161,1,0,0
69162,1,0,0
69163,1,0,0
69164,1,0,0
69165,1,0,0
69166,1,0,0
69167,1,0,0
69168,1,0,0
69169,1,0,0
69170,1,0,0
69171,1,0,0
69172,1,0,0
69173,1,0,0
69174,1,0,0
69175,1,0,0
69176,1,0,0
69177,1,0,0
69178,1,0,0
69179,1,0,0
69180,1,0,0
69181,1,0,0
69182,1,0,0
69183,1,0,0
69184,1,0,0
69185,1,0,0
69186,1,0,0
69187,1,0,0
69188,1,0,0
69189,1,0,0
69190,1,0,0
69191,1,0,0
69192,1,0,0
69193,1,0,0
69194,1,0,0
69195,1,0,0
69196,1,0,0
69197,1,0,0
69198,1,0,0
69199,1,0,0
69200,1,0,0
69201,1,0,0
69202,1,0,0
69203,1,0,0
69204,1,0,0
69205,1,0,0
69206,1,0,0
69207,1,0,0
69208,1,0,0
69209,1,0,0
69210,1,0,0
69211,1,0,0
69212,1,0,0
69213,1,0,0
69214,1,0,0
69215,1,0,0
69216,1,0,0
69217,1,0,0
69218,1,0,0
69219,1,0,0
69220,1,0,0
69221,1,0,0
69222,1,0,0
69223,1,0,0
69224,1,0,0
69225,1,0,0
69226,1,0,0
69227,1,0,0
69228,1,0,0
69229,1,0,0
69230,1,0,0
69231,1,0,0
69232,1,0,0
69233,1,0,0
69234,1,0,0
69235,1,0,0
69236,1,0,0
69237,1,0,0
69238,1,0,0
69239,1,0,0
69240,1,0,0
69241,1,0,0
69242,1,0,0
69243,1,0,0
69244,1,0,0
69245,1,0,0
69246,1,0,0
69247,1,0,0
69248,1,0,0
69249,1,0,0
69250,1,0,0
69251,1,0,0
69252,1,0,0
69253,1,0,0
69254,1,0,0
69255,1,0,0
69256,1,0,0
69257,1,0,0
69258,1,0,0
69259,1,0,0
69260,1,0,0
69261,1,0,0
69262,1,0,0
69263,1,0,0
69264,1,0,0
69265,1,0,0
69266,1,0,0
69267,1,0,0
69268,1,0,0
69269,1,0,0
69270,1,0,0
69271,1,0,0
69272,1,0,0
69273,1,0,0
69274,1,0,0
69275,1,0,0
69276,1,0,0
69277,1,0,0
69278,1,0,0
69279,1,0,0
69280,1,0,0
69281,1,0,0
69282,1,0,0
69283,1,0,0
69284,1,0,0
69285,1,0,0
69286,1,0,0
69287,1,0,0
69288,1,0,0
69289,1,0,0
69290,1,0,0
69291,1,0,0
69292,1,0,0
69293,1,0,0
69294,1,0,0
69295,1,0,0
69296,1,0,0
69297,1,0,0
69298,1,0,0
69299,1,0,0
69300,1,0,0
69301,1,0,0
69302,1,0,0
69303,1,0,0
69304,1,0,0
69305,1,0,0
69306,1,0,0
69307,1,0,0
69308,1,0,0
69309,1,0,0
69310,1,0,0
69311,1,0,0
69312,1,0,0
69313,1,0,0
69314,1,0,0
69315,1,0,0
69316,1,0,0
69317,1,0,0
69318,1,0,0
69319,1,0,0
69320,1,0,0
69321,1,0,0
69322,1,0,0
69323,1,0,0
69324,1,0,0
69325,1,0,0
69326,1,0,0
69327,1,0,0
69328,1,0,0
69329,1,0,0
69330,1,0,0
69331,1,0,0
69332,1,0,0
69333,1,0,0
69334,1,0,0
69335,1,0,0
69336,1,0,0
69337,1,0,0
69338,1,0,0
69339,1,0,0
69340,1,0,0
69341,1,0,0
69342,1,0,0
69343,1,0,0
69344,1,0,0
69345,1,0,0
69346,1,0,0
69347,1,0,0
69348,1,0,0
69349,1,0,0
69350,1,0,0
69351,1,0,0
69352,1,0,0
69353,1,0,0
69354,1,0,0
69355,1,0,0
69356,1,0,0
69357,1,0,0
69358,1,0,0
69359,1,0,0
69360,1,0,0
69361,1,0,0
69362,1,0,0
69363,1,0,0
69364,1,0,0
69365,1,0,0
69366,1,0,0
69367,1,0,0
69368,1,0,0
69369,1,0,0
69370,1,0,0
69371,1,0,0
69372,1,0,0
69373,1,0,0
69374,1,0,0
69375,1,0,0
69376,1,0,0
69377,1,0,0
69378,1,0,0
69379,1,0,0
69380,1,0,0
69381,1,0,0
69382,1,0,0
69383,1,0,0
69384,1,0,0
69385,1,0,0
69386,1,0,0
69387,1,0,0
69388,1,0,0
69389,1,0,0
69390,1,0,0
69391,1,0,0
69392,1,0,0
69393,1,0,0
69394,1,0,0
69395,1,0,0
69396,1,0,0
69397,1,0,0
69398,1,0,0
69399,1,0,0
69400,1,0,0
69401,1,0,0
69402,1,0,0
69403,1,0,0
69404,1,0,0
69405,1,0,0
69406,1,0,0
69407,1,0,0
69408,1,0,0
69409,1,0,0
69410,1,0,0
69411,1,0,0
69412,1,0,0
69413,1,0,0
69414,1,0,0
69415,1,0,0
69416,1,0,0
69417,1,0,0
69418,1,0,0
69419,1,0,0
69420,1,0,0
69421,1,0,0
69422,1,0,0
69423,1,0,0
69424,1,0,0
69425,1,0,0
69426,1,0,0
69427,1,0,0
69428,1,0,0
69429,1,0,0
69430,1,0,0
69431,1,0,0
69432,1,0,0
69433,1,0,0
69434,1,0,0
69435,1,0,0
69436,1,0,0
69437,1,0,0
69438,1,0,0
69439,1,0,0
69440,1,0,0
69441,1,0,0
69442,1,0,0
69443,1,0,0
69444,1,0,0
69445,1,0,0
69446,1,0,0
69447,1,0,0
69448,1,0,0
69449,1,0,0
69450,1,0,0
69451,1,0,0
69452,1,0,0
69453,1,0,0
69454,1,0,0
69455,1,0,0
69456,1,0,0
69457,1,0,0
69458,1,0,0
69459,1,0,0
69460,1,0,0
69461,1,0,0
69462,1,0,0
69463,1,0,0
69464,1,0,0
69465,1,0,0
69466,1,0,0
69467,1,0,0
69468,1,0,0
69469,1,0,0
69470,1,0,0
69471,1,0,0
69472,1,0,0
69473,1,0,0
69474,1,0,0
69475,1,0,0
69476,1,0,0
69477,1,0,0
69478,1,0,0
69479,1,0,0
69480,1,0,0
69481,1,0,0
69482,1,0,0
69483,1,0,0
69484,1,0,0
69485,1,0,0
69486,1,0,0
69487,1,0,0
69488,1,0,0
69489,1,0,0
69490,1,0,0
69491,1,0,0
69492,1,0,0
69493,1,0,0
69494,1,0,0
69495,1,0,0
69496,1,0,0
69497,1,0,0
69498,1,0,0
69499,1,0,0
69500,1,0,0
69501,1,0,0
69502,1,0,0
69503,1,0,0
69504,1,0,0
69505,1,0,0
69506,1,0,0
69507,1,0,0
69508,1,0,0
69509,1,0,0
69510,1,0,0
69511,1,0,0
69512,1,0,0
69513,1,0,0
69514,1,0,0
69515,1,0,0
69516,1,0,0
69517,1,0,0
69518,1,0,0
69519,1,0,0
69520,1,0,0
69521,1,0,0
69522,1,0,0
69523,1,0,0
69524,1,0,0
69525,1,0,0
69526,1,0,0
69527,1,0,0
69528,1,0,0
69529,1,0,0
69530,1,0,0
69531,1,0,0
69532,1,0,0
69533,1,0,0
69534,1,0,0
69535,1,0,0
69536,1,0,0
69537,1,0,0
69538,1,0,0
69539,1,0,0
69540,1,0,0
69541,1,0,0
69542,1,0,0
69543,1,0,0
69544,1,0,0
69545,1,0,0
69546,1,0,0
69547,1,0,0
69548,1,0,0
69549,1,0,0
69550,1,0,0
69551,1,0,0
69552,1,0,0
69553,1,0,0
69554,1,0,0
69555,1,0,0
69556,1,0,0
69557,1,0,0
69558,1,0,0
69559,1,0,0
69560,1,0,0
69561,1,0,0
69562,1,0,0
69563,1,0,0
69564,1,0,0
69565,1,0,0
69566,1,0,0
69567,1,0,0
69568,1,0,0
69569,1,0,0
69570,1,0,0
69571,1,0,0
69572,1,0,0
69573,1,0,0
69574,1,0,0
69575,1,0,0
69576,1,0,0
69577,1,0,0
69578,1,0,0
69579,1,0,0
69580,1,0,0
69581,1,0,0
69582,1,0,0
69583,1,0,0
69584,1,0,0
69585,1,0,0
69586,1,0,0
69587,1,0,0
69588,1,0,0
69589,1,0,0
69590,1,0,0
69591,1,0,0
69592,1,0,0
69593,1,0,0
69594,1,0,0
69595,1,0,0
69596,1,0,0
69597,1,0,0
69598,1,0,0
69599,1,0,0
69600,1,0,0
69601,1,0,0
69602,1,0,0
69603,1,0,0
69604,1,0,0
69605,1,0,0
69606,1,0,0
69607,1,0,0
69608,1,0,0
69609,1,0,0
69610,1,0,0
69611,1,0,0
69612,1,0,0
69613,1,0,0
69614,1,0,0
69615,1,0,0
69616,1,0,0
69617,1,0,0
69618,1,0,0
69619,1,0,0
69620,1,0,0
69621,1,0,0
69622,1,0,0
69623,1,0,0
69624,1,0,0
69625,1,0,0
69626,1,0,0
69627,1,0,0
69628,1,0,0
69629,1,0,0
69630,1,0,0
69631,1,0,0
69632,1,0,0
69633,1,0,0
69634,1,0,0
69635,1,0,0
69636,1,0,0
69637,1,0,0
69638,1,0,0
69639,1,0,0
69640,1,0,0
69641,1,0,0
69642,1,0,0
69643,1,0,0
69644,1,0,0
69645,1,0,0
69646,1,0,0
69647,1,0,0
69648,1,0,0
69649,1,0,0
69650,1,0,0
69651,1,0,0
69652,1,0,0
69653,1,0,0
69654,1,0,0
69655,1,0,0
69656,1,0,0
69657,1,0,0
69658,1,0,0
69659,1,0,0
69660,1,0,0
69661,1,0,0
69662,1,0,0
69663,1,0,0
69664,1,0,0
69665,1,0,0
69666,1,0,0
69667,1,0,0
69668,1,0,0
69669,1,0,0
69670,1,0,0
69671,1,0,0
69672,1,0,0
69673,1,0,0
69674,1,0,0
69675,1,0,0
69676,1,0,0
69677,1,0,0
69678,1,0,0
69679,1,0,0
69680,1,0,0
69681,1,0,0
69682,1,0,0
69683,1,0,0
69684,1,0,0
69685,1,0,0
69686,1,0,0
69687,1,0,0
69688,1,0,0
69689,1,0,0
69690,1,0,0
69691,1,0,0
69692,1,0,0
69693,1,0,0
69694,1,0,0
69695,1,0,0
69696,1,0,0
69697,1,0,0
69698,1,0,0
69699,1,0,0
69700,1,0,0
69701,1,0,0
69702,1,0,0
69703,1,0,0
69704,1,0,0
69705,1,0,0
69706,1,0,0
69707,1,0,0
69708,1,0,0
69709,1,0,0
69710,1,0,0
69711,1,0,0
69712,1,0,0
69713,1,0,0
69714,1,0,0
69715,1,0,0
69716,1,0,0
69717,1,0,0
69718,1,0,0
69719,1,0,0
69720,1,0,0
69721,1,0,0
69722,1,0,0
69723,1,0,0
69724,1,0,0
69725,1,0,0
69726,1,0,0
69727,1,0,0
69728,1,0,0
69729,1,0,0
69730,1,0,0
69731,1,0,0
69732,1,0,0
69733,1,0,0
69734,1,0,0
69735,1,0,0
69736,1,0,0
69737,1,0,0
69738,1,0,0
69739,1,0,0
69740,1,0,0
69741,1,0,0
69742,1,0,0
69743,1,0,0
69744,1,0,0
69745,1,0,0
69746,1,0,0
69747,1,0,0
69748,1,0,0
69749,1,0,0
69750,1,0,0
69751,1,0,0
69752,1,0,0
69753,1,0,0
69754,1,0,0
69755,1,0,0
69756,1,0,0
69757,1,0,0
69758,1,0,0
69759,1,0,0
69760,1,0,0
69761,1,0,0
69762,1,0,0
69763,1,0,0
69764,1,0,0
69765,1,0,0
69766,1,0,0
69767,1,0,0
69768,1,0,0
69769,1,0,0
69770,1,0,0
69771,1,0,0
69772,1,0,0
69773,1,0,0
69774,1,0,0
69775,1,0,0
69776,1,0,0
69777,1,0,0
69778,1,0,0
69779,1,0,0
69780,1,0,0
69781,1,0,0
69782,1,0,0
69783,1,0,0
69784,1,0,0
69785,1,0,0
69786,1,0,0
69787,1,0,0
69788,1,0,0
69789,1,0,0
69790,1,0,0
69791,1,0,0
69792,1,0,0
69793,1,0,0
69794,1,0,0
69795,1,0,0
69796,1,0,0
69797,1,0,0
69798,1,0,0
69799,1,0,0
69800,1,0,0
69801,1,0,0
69802,1,0,0
69803,1,0,0
69804,1,0,0
69805,1,0,0
69806,1,0,0
69807,1,0,0
69808,1,0,0
69809,1,0,0
69810,1,0,0
69811,1,0,0
69812,1,0,0
69813,1,0,0
69814,1,0,0
69815,1,0,0
69816,1,0,0
69817,1,0,0
69818,1,0,0
69819,1,0,0
69820,1,0,0
69821,1,0,0
69822,1,0,0
69823,1,0,0
69824,1,0,0
69825,1,0,0
69826,1,0,0
69827,1,0,0
69828,1,0,0
69829,1,0,0
69830,1,0,0
69831,1,0,0
69832,1,0,0
69833,1,0,0
69834,1,0,0
69835,1,0,0
69836,1,0,0
69837,1,0,0
69838,1,0,0
69839,1,0,0
69840,1,0,0
69841,1,0,0
69842,1,0,0
69843,1,0,0
69844,1,0,0
69845,1,0,0
69846,1,0,0
69847,1,0,0
69848,1,0,0
69849,1,0,0
69850,1,0,0
69851,1,0,0
69852,1,0,0
69853,1,0,0
69854,1,0,0
69855,1,0,0
69856,1,0,0
69857,1,0,0
69858,1,0,0
69859,1,0,0
69860,1,0,0
69861,1,0,0
69862,1,0,0
69863,1,0,0
69864,1,0,0
69865,1,0,0
69866,1,0,0
69867,1,0,0
69868,1,0,0
69869,1,0,0
69870,1,0,0
69871,1,0,0
69872,1,0,0
69873,1,0,0
69874,1,0,0
69875,1,0,0
69876,1,0,0
69877,1,0,0
69878,1,0,0
69879,1,0,0
69880,1,0,0
69881,1,0,0
69882,1,0,0
69883,1,0,0
69884,1,0,0
69885,1,0,0
69886,1,0,0
69887,1,0,0
69888,1,0,0
69889,1,0,0
69890,1,0,0
69891,1,0,0
69892,1,0,0
69893,1,0,0
69894,1,0,0
69895,1,0,0
69896,1,0,0
69897,1,0,0
69898,1,0,0
69899,1,0,0
69900,1,0,0
69901,1,0,0
69902,1,0,0
69903,1,0,0
69904,1,0,0
69905,1,0,0
69906,1,0,0
69907,1,0,0
69908,1,0,0
69909,1,0,0
69910,1,0,0
69911,1,0,0
69912,1,0,0
69913,1,0,0
69914,1,0,0
69915,1,0,0
69916,1,0,0
69917,1,0,0
69918,1,0,0
69919,1,0,0
69920,1,0,0
69921,1,0,0
69922,1,0,0
69923,1,0,0
69924,1,0,0
69925,1,0,0
69926,1,0,0
69927,1,0,0
69928,1,0,0
69929,1,0,0
69930,1,0,0
69931,1,0,0
69932,1,0,0
69933,1,0,0
69934,1,0,0
69935,1,0,0
69936,1,0,0
69937,1,0,0
69938,1,0,0
69939,1,0,0
69940,1,0,0
69941,1,0,0
69942,1,0,0
69943,1,0,0
69944,1,0,0
69945,1,0,0
69946,1,0,0
69947,1,0,0
69948,1,0,0
69949,1,0,0
69950,1,0,0
69951,1,0,0
69952,1,0,0
69953,1,0,0
69954,1,0,0
69955,1,0,0
69956,1,0,0
69957,1,0,0
69958,1,0,0
69959,1,0,0
69960,1,0,0
69961,1,0,0
69962,1,0,0
69963,1,0,0
69964,1,0,0
69965,1,0,0
69966,1,0,0
69967,1,0,0
69968,1,0,0
69969,1,0,0
69970,1,0,0
69971,1,0,0
69972,1,0,0
69973,1,0,0
69974,1,0,0
69975,1,0,0
69976,1,0,0
69977,1,0,0
69978,1,0,0
69979,1,0,0
69980,1,0,0
69981,1,0,0
69982,1,0,0
69983,1,0,0
69984,1,0,0
69985,1,0,0
69986,1,0,0
69987,1,0,0
69988,1,0,0
69989,1,0,0
69990,1,0,0
69991,1,0,0
69992,1,0,0
69993,1,0,0
69994,1,0,0
69995,1,0,0
69996,1,0,0
69997,1,0,0
69998,1,0,0
69999,1,0,0
70000,1,0,0
70001,1,0,0
70002,1,0,0
70003,1,0,0
70004,1,0,0
70005,1,0,0
70006,1,0,0
70007,1,0,0
70008,1,0,0
70009,1,0,0
70010,1,0,0
70011,1,0,0
70012,1,0,0
70013,1,0,0
70014,1,0,0
70015,1,0,0
70016,1,0,0
70017,1,0,0
70018,1,0,0
70019,1,0,0
70020,1,0,0
70021,1,0,0
70022,1,0,0
70023,1,0,0
70024,1,0,0
70025,1,0,0
70026,1,0,0
70027,1,0,0
70028,1,0,0
70029,1,0,0
70030,1,0,0
70031,1,0,0
70032,1,0,0
70033,1,0,0
70034,1,0,0
70035,1,0,0
70036,1,0,0
70037,1,0,0
70038,1,0,0
70039,1,0,0
70040,1,0,0
70041,1,0,0
70042,1,0,0
70043,1,0,0
70044,1,0,0
70045,1,0,0
70046,1,0,0
70047,1,0,0
70048,1,0,0
70049,1,0,0
70050,1,0,0
70051,1,0,0
70052,1,0,0
70053,1,0,0
70054,1,0,0
70055,1,0,0
70056,1,0,0
70057,1,0,0
70058,1,0,0
70059,1,0,0
70060,1,0,0
70061,1,0,0
70062,1,0,0
70063,1,0,0
70064,1,0,0
70065,1,0,0
70066,1,0,0
70067,1,0,0
70068,1,0,0
70069,1,0,0
70070,1,0,0
70071,1,0,0
70072,1,0,0
70073,1,0,0
70074,1,0,0
70075,1,0,0
70076,1,0,0
70077,1,0,0
70078,1,0,0
70079,1,0,0
70080,1,0,0
70081,1,0,0
70082,1,0,0
70083,1,0,0
70084,1,0,0
70085,1,0,0
70086,1,0,0
70087,1,0,0
70088,1,0,0
70089,1,0,0
70090,1,0,0
70091,1,0,0
70092,1,0,0
70093,1,0,0
70094,1,0,0
70095,1,0,0
70096,1,0,0
70097,1,0,0
70098,1,0,0
70099,1,0,0
70100,1,0,0
70101,1,0,0
70102,1,0,0
70103,1,0,0
70104,1,0,0
70105,1,0,0
70106,1,0,0
70107,1,0,0
70108,1,0,0
70109,1,0,0
70110,1,0,0
70111,1,0,0
70112,1,0,0
70113,1,0,0
70114,1,0,0
70115,1,0,0
70116,1,0,0
70117,1,0,0
70118,1,0,0
70119,1,0,0
70120,1,0,0
70121,1,0,0
70122,1,0,0
70123,1,0,0
70124,1,0,0
70125,1,0,0
70126,1,0,0
70127,1,0,0
70128,1,0,0
70129,1,0,0
70130,1,0,0
70131,1,0,0
70132,1,0,0
70133,1,0,0
70134,1,0,0
70135,1,0,0
70136,1,0,0
70137,1,0,0
70138,1,0,0
70139,1,0,0
70140,1,0,0
70141,1,0,0
70142,1,0,0
70143,1,0,0
70144,1,0,0
70145,1,0,0
70146,1,0,0
70147,1,0,0
70148,1,0,0
70149,1,0,0
70150,1,0,0
70151,1,0,0
70152,1,0,0
70153,1,0,0
70154,1,0,0
70155,1,0,0
70156,1,0,0
70157,1,0,0
70158,1,0,0
70159,1,0,0
70160,1,0,0
70161,1,0,0
70162,1,0,0
70163,1,0,0
70164,1,0,0
70165,1,0,0
70166,1,0,0
70167,1,0,0
70168,1,0,0
70169,1,0,0
70170,1,0,0
70171,1,0,0
70172,1,0,0
70173,1,0,0
70174,1,0,0
70175,1,0,0
70176,1,0,0
70177,1,0,0
70178,1,0,0
70179,1,0,0
70180,1,0,0
70181,1,0,0
70182,1,0,0
70183,1,0,0
70184,1,0,0
70185,1,0,0
70186,1,0,0
70187,1,0,0
70188,1,0,0
70189,1,0,0
70190,1,0,0
70191,1,0,0
70192,1,0,0
70193,1,0,0
70194,1,0,0
70195,1,0,0
70196,1,0,0
70197,1,0,0
70198,1,0,0
70199,1,0,0
70200,1,0,0
70201,1,0,0
70202,1,0,0
70203,1,0,0
70204,1,0,0
70205,1,0,0
70206,1,0,0
70207,1,0,0
70208,1,0,0
70209,1,0,0
70210,1,0,0
70211,1,0,0
70212,1,0,0
70213,1,0,0
70214,1,0,0
70215,1,0,0
70216,1,0,0
70217,1,0,0
70218,1,0,0
70219,1,0,0
70220,1,0,0
70221,1,0,0
70222,1,0,0
70223,1,0,0
70224,1,0,0
70225,1,0,0
70226,1,0,0
70227,1,0,0
70228,1,0,0
70229,1,0,0
70230,1,0,0
70231,1,0,0
70232,1,0,0
70233,1,0,0
70234,1,0,0
70235,1,0,0
70236,1,0,0
70237,1,0,0
70238,1,0,0
70239,1,0,0
70240,1,0,0
70241,1,0,0
70242,1,0,0
70243,1,0,0
70244,1,0,0
70245,1,0,0
70246,1,0,0
70247,1,0,0
70248,1,0,0
70249,1,0,0
70250,1,0,0
70251,1,0,0
70252,1,0,0
70253,1,0,0
70254,1,0,0
70255,1,0,0
70256,1,0,0
70257,1,0,0
70258,1,0,0
70259,1,0,0
70260,1,0,0
70261,1,0,0
70262,1,0,0
70263,1,0,0
70264,1,0,0
70265,1,0,0
70266,1,0,0
70267,1,0,0
70268,1,0,0
70269,1,0,0
70270,1,0,0
70271,1,0,0
70272,1,0,0
70273,1,0,0
70274,1,0,0
70275,1,0,0
70276,1,0,0
70277,1,0,0
70278,1,0,0
70279,1,0,0
70280,1,0,0
70281,1,0,0
70282,1,0,0
70283,1,0,0
70284,1,0,0
70285,1,0,0
70286,1,0,0
70287,1,0,0
70288,1,0,0
70289,1,0,0
70290,1,0,0
70291,1,0,0
70292,1,0,0
70293,1,0,0
70294,1,0,0
70295,1,0,0
70296,1,0,0
70297,1,0,0
70298,1,0,0
70299,1,0,0
70300,1,0,0
70301,1,0,0
70302,1,0,0
70303,1,0,0
70304,1,0,0
70305,1,0,0
70306,1,0,0
70307,1,0,0
70308,1,0,0
70309,1,0,0
70310,1,0,0
70311,1,0,0
70312,1,0,0
70313,1,0,0
70314,1,0,0
70315,1,0,0
70316,1,0,0
70317,1,0,0
70318,1,0,0
70319,1,0,0
70320,1,0,0
70321,1,0,0
70322,1,0,0
70323,1,0,0
70324,1,0,0
70325,1,0,0
70326,1,0,0
70327,1,0,0
70328,1,0,0
70329,1,0,0
70330,1,0,0
70331,1,0,0
70332,1,0,0
70333,1,0,0
70334,1,0,0
70335,1,0,0
70336,1,0,0
70337,1,0,0
70338,1,0,0
70339,1,0,0
70340,1,0,0
70341,1,0,0
70342,1,0,0
70343,1,0,0
70344,1,0,0
70345,1,0,0
70346,1,0,0
70347,1,0,0
70348,1,0,0
70349,1,0,0
70350,1,0,0
70351,1,0,0
70352,1,0,0
70353,1,0,0
70354,1,0,0
70355,1,0,0
70356,1,0,0
70357,1,0,0
70358,1,0,0
70359,1,0,0
70360,1,0,0
70361,1,0,0
70362,1,0,0
70363,1,0,0
70364,1,0,0
70365,1,0,0
70366,1,0,0
70367,1,0,0
70368,1,0,0
70369,1,0,0
70370,1,0,0
70371,1,0,0
70372,1,0,0
70373,1,0,0
70374,1,0,0
70375,1,0,0
70376,1,0,0
70377,1,0,0
70378,1,0,0
70379,1,0,0
70380,1,0,0
70381,1,0,0
70382,1,0,0
70383,1,0,0
70384,1,0,0
70385,1,0,0
70386,1,0,0
70387,1,0,0
70388,1,0,0
70389,1,0,0
70390,1,0,0
70391,1,0,0
70392,1,0,0
70393,1,0,0
70394,1,0,0
70395,1,0,0
70396,1,0,0
70397,1,0,0
70398,1,0,0
70399,1,0,0
70400,1,0,0
70401,1,0,0
70402,1,0,0
70403,1,0,0
70404,1,0,0
70405,1,0,0
70406,1,0,0
70407,1,0,0
70408,1,0,0
70409,1,0,0
70410,1,0,0
70411,1,0,0
70412,1,0,0
70413,1,0,0
70414,1,0,0
70415,1,0,0
70416,1,0,0
70417,1,0,0
70418,1,0,0
70419,1,0,0
70420,1,0,0
70421,1,0,0
70422,1,0,0
70423,1,0,0
70424,1,0,0
70425,1,0,0
70426,1,0,0
70427,1,0,0
70428,1,0,0
70429,1,0,0
70430,1,0,0
70431,1,0,0
70432,1,0,0
70433,1,0,0
70434,1,0,0
70435,1,0,0
70436,1,0,0
70437,1,0,0
70438,1,0,0
70439,1,0,0
70440,1,0,0
70441,1,0,0
70442,1,0,0
70443,1,0,0
70444,1,0,0
70445,1,0,0
70446,1,0,0
70447,1,0,0
70448,1,0,0
70449,1,0,0
70450,1,0,0
70451,1,0,0
70452,1,0,0
70453,1,0,0
70454,1,0,0
70455,1,0,0
70456,1,0,0
70457,1,0,0
70458,1,0,0
70459,1,0,0
70460,1,0,0
70461,1,0,0
70462,1,0,0
70463,1,0,0
70464,1,0,0
70465,1,0,0
70466,1,0,0
70467,1,0,0
70468,1,0,0
70469,1,0,0
70470,1,0,0
70471,1,0,0
70472,1,0,0
70473,1,0,0
70474,1,0,0
70475,1,0,0
70476,1,0,0
70477,1,0,0
70478,1,0,0
70479,1,0,0
70480,1,0,0
70481,1,0,0
70482,1,0,0
70483,1,0,0
70484,1,0,0
70485,1,0,0
70486,1,0,0
70487,1,0,0
70488,1,0,0
70489,1,0,0
70490,1,0,0
70491,1,0,0
70492,1,0,0
70493,1,0,0
70494,1,0,0
70495,1,0,0
70496,1,0,0
70497,1,0,0
70498,1,0,0
70499,1,0,0
70500,1,0,0
70501,1,0,0
70502,1,0,0
70503,1,0,0
70504,1,0,0
70505,1,0,0
70506,1,0,0
70507,1,0,0
70508,1,0,0
70509,1,0,0
70510,1,0,0
70511,1,0,0
70512,1,0,0
70513,1,0,0
70514,1,0,0
70515,1,0,0
70516,1,0,0
70517,1,0,0
70518,1,0,0
70519,1,0,0
70520,1,0,0
70521,1,0,0
70522,1,0,0
70523,1,0,0
70524,1,0,0
70525,1,0,0
70526,1,0,0
70527,1,0,0
70528,1,0,0
70529,1,0,0
70530,1,0,0
70531,1,0,0
70532,1,0,0
70533,1,0,0
70534,1,0,0
70535,1,0,0
70536,1,0,0
70537,1,0,0
70538,1,0,0
70539,1,0,0
70540,1,0,0
70541,1,0,0
70542,1,0,0
70543,1,0,0
70544,1,0,0
70545,1,0,0
70546,1,0,0
70547,1,0,0
70548,1,0,0
70549,1,0,0
70550,1,0,0
70551,1,0,0
70552,1,0,0
70553,1,0,0
70554,1,0,0
70555,1,0,0
70556,1,0,0
70557,1,0,0
70558,1,0,0
70559,1,0,0
70560,1,0,0
70561,1,0,0
70562,1,0,0
70563,1,0,0
70564,1,0,0
70565,1,0,0
70566,1,0,0
70567,1,0,0
70568,1,0,0
70569,1,0,0
70570,1,0,0
70571,1,0,0
70572,1,0,0
70573,1,0,0
70574,1,0,0
70575,1,0,0
70576,1,0,0
70577,1,0,0
70578,1,0,0
70579,1,0,0
70580,1,0,0
70581,1,0,0
70582,1,0,0
70583,1,0,0
70584,1,0,0
70585,1,0,0
70586,1,0,0
70587,1,0,0
70588,1,0,0
70589,1,0,0
